    0.0000         0       0.00      -0.00      -2.00    2000.00      -0.00    -500.00
     -9999     -9999      0.000     12.000    -10.000    -45.000      0.000    -90.000
    0.0100         0       4.33      -0.77      -2.94    2000.00      -2.00    -500.00
     -9999     -9999     57.600     12.007    -10.102    -45.000      0.000    -90.028
    0.0200         0       8.67      -1.54      -3.87    2000.00      -4.00    -500.00
     -9999     -9999    115.200     12.014    -10.204    -45.000      0.000    -90.056
    0.0300         0      13.00      -2.33      -4.81    2000.00      -6.00    -500.00
     -9999     -9999    172.800     12.021    -10.306    -45.000      0.000    -90.084
    0.0400         0      17.33      -3.12      -5.75    1999.99      -8.00    -500.00
     -9999     -9999    230.400     12.027    -10.408    -45.000      0.000    -90.112
    0.0500         0      21.66      -3.92      -6.68    1999.99     -10.00    -500.00
     -9999     -9999    288.000     12.034    -10.509    -45.000      0.000    -90.140
    0.0600         0      25.98      -4.72      -7.62    1999.98     -12.00    -500.00
     -9999     -9999    345.600     12.041    -10.611    -45.000      0.000    -90.169
    0.0700         0      30.31      -5.54      -8.56    1999.98     -14.00    -500.00
     -9999     -9999     43.200     12.048    -10.713    -45.000      0.000    -90.197
    0.0800         0      34.63      -6.36      -9.50    1999.97     -16.00    -500.00
     -9999     -9999    100.800     12.054    -10.815    -45.000      0.000    -90.225
    0.0900         0      38.95      -7.19     -10.44    1999.96     -18.00    -500.00
     -9999     -9999    158.400     12.061    -10.917    -45.000      0.000    -90.253
    0.1000         0      43.27      -8.03     -11.38    1999.95     -20.00    -500.00
     -9999     -9999    216.000     12.067    -11.019    -45.000      0.000    -90.281
    0.1100         0      47.59      -8.87     -12.32    1999.94     -22.00    -500.00
     -9999     -9999    273.600     12.074    -11.121    -45.000      0.000    -90.309
    0.1200         0      51.91      -9.72     -13.26    1999.93     -24.00    -500.00
     -9999     -9999    331.200     12.081    -11.223    -45.000      0.000    -90.337
    0.1300         0      56.22     -10.59     -14.21    1999.92     -26.00    -500.00
     -9999     -9999     28.800     12.087    -11.325    -45.000      0.000    -90.365
    0.1400         0      60.54     -11.45     -15.15    1999.90     -28.00    -500.00
     -9999     -9999     86.400     12.094    -11.427    -45.000      0.000    -90.393
    0.1500         0      64.85     -12.33     -16.09    1999.89     -30.00    -500.00
     -9999     -9999    144.000     12.100    -11.529    -45.000      0.000    -90.421
    0.1600         0      69.16     -13.21     -17.04    1999.87     -32.00    -500.00
     -9999     -9999    201.600     12.107    -11.631    -45.000      0.000    -90.450
    0.1700         0      73.47     -14.10     -17.98    1999.86     -34.00    -500.00
     -9999     -9999    259.200     12.113    -11.733    -45.000      0.000    -90.478
    0.1800         0      77.78     -15.00     -18.92    1999.84     -36.00    -500.00
     -9999     -9999    316.800     12.120    -11.835    -45.000      0.000    -90.506
    0.1900         0      82.08     -15.91     -19.87    1999.82     -38.00    -500.00
     -9999     -9999     14.400     12.126    -11.936    -45.000      0.000    -90.534
    0.2000         0      86.38     -16.82     -20.82    1999.80     -40.00    -500.00
     -9999     -9999     72.000     12.132    -12.038    -45.000      0.000    -90.562
    0.2100         0      90.69     -17.74     -21.76    1999.78     -42.00    -500.00
     -9999     -9999    129.600     12.139    -12.140    -45.000      0.000    -90.590
    0.2200         0      94.99     -18.67     -22.71    1999.76     -44.00    -500.00
     -9999     -9999    187.200     12.145    -12.242    -45.000      0.000    -90.618
    0.2300         0      99.28     -19.61     -23.65    1999.74     -46.00    -500.00
     -9999     -9999    244.800     12.151    -12.344    -45.000      0.000    -90.646
    0.2400         0     103.58     -20.55     -24.60    1999.72     -48.00    -500.00
     -9999     -9999    302.400     12.157    -12.446    -45.000      0.000    -90.674
    0.2500         0     107.88     -21.50     -25.55    1999.69     -50.00    -500.00
     -9999     -9999      0.000     12.164    -12.548    -45.000      0.000    -90.702
    0.2600         0     112.17     -22.46     -26.50    1999.67     -52.00    -500.00
     -9999     -9999     57.600     12.170    -12.650    -45.000      0.000    -90.730
    0.2700         0     116.46     -23.43     -27.45    1999.64     -54.00    -500.00
     -9999     -9999    115.200     12.176    -12.752    -45.000      0.000    -90.759
    0.2800         0     120.75     -24.41     -28.40    1999.62     -56.00    -500.00
     -9999     -9999    172.800     12.182    -12.854    -45.000      0.000    -90.787
    0.2900         0     125.04     -25.39     -29.35    1999.59     -58.00    -500.00
     -9999     -9999    230.400     12.188    -12.956    -45.000      0.000    -90.815
    0.3000         0     129.32     -26.38     -30.30    1999.56     -60.00    -500.00
     -9999     -9999    288.000     12.195    -13.058    -45.000      0.000    -90.843
    0.3100         0     133.61     -27.38     -31.25    1999.53     -62.00    -500.00
     -9999     -9999    345.600     12.201    -13.160    -45.000      0.000    -90.871
    0.3200         0     137.89     -28.38     -32.20    1999.50     -64.00    -500.00
     -9999     -9999     43.200     12.207    -13.262    -45.000      0.000    -90.899
    0.3300         0     142.17     -29.39     -33.15    1999.47     -66.00    -500.00
     -9999     -9999    100.800     12.213    -13.364    -45.000      0.000    -90.927
    0.3400         0     146.45     -30.41     -34.10    1999.43     -68.00    -500.00
     -9999     -9999    158.400     12.219    -13.466    -45.000      0.000    -90.955
    0.3500         0     150.72     -31.44     -35.06    1999.40     -70.00    -500.00
     -9999     -9999    216.000     12.225    -13.568    -45.000      0.000    -90.983
    0.3600         0     155.00     -32.48     -36.01    1999.36     -72.00    -500.00
     -9999     -9999    273.600     12.231    -13.670    -45.000      0.000    -91.011
    0.3700         0     159.27     -33.52     -36.96    1999.33     -74.00    -500.00
     -9999     -9999    331.200     12.237    -13.772    -45.000      0.000    -91.039
    0.3800         0     163.54     -34.57     -37.92    1999.29     -76.00    -500.00
     -9999     -9999     28.800     12.243    -13.874    -45.000      0.000    -91.068
    0.3900         0     167.81     -35.63     -38.87    1999.25     -78.00    -500.00
     -9999     -9999     86.400     12.248    -13.977    -45.000      0.000    -91.096
    0.4000         0     172.07     -36.70     -39.83    1999.22     -79.99    -500.00
     -9999     -9999    144.000     12.254    -14.079    -45.000      0.000    -91.124
    0.4100         0     176.34     -37.77     -40.78    1999.18     -81.99    -500.00
     -9999     -9999    201.600     12.260    -14.181    -45.000      0.000    -91.152
    0.4200         0     180.60     -38.85     -41.74    1999.14     -83.99    -500.00
     -9999     -9999    259.200     12.266    -14.283    -45.000      0.000    -91.180
    0.4300         0     184.86     -39.94     -42.69    1999.09     -85.99    -500.00
     -9999     -9999    316.800     12.272    -14.385    -45.000      0.000    -91.208
    0.4400         0     189.12     -41.04     -43.65    1999.05     -87.99    -500.00
     -9999     -9999     14.400     12.277    -14.487    -45.000      0.000    -91.236
    0.4500         0     193.38     -42.14     -44.61    1999.01     -89.99    -500.00
     -9999     -9999     72.000     12.283    -14.589    -45.000      0.000    -91.264
    0.4600         0     197.63     -43.25     -45.56    1998.96     -91.99    -500.00
     -9999     -9999    129.600     12.289    -14.691    -45.000      0.000    -91.292
    0.4700         0     201.88     -44.37     -46.52    1998.92     -93.99    -500.00
     -9999     -9999    187.200     12.295    -14.793    -45.000      0.000    -91.320
    0.4800         0     206.13     -45.50     -47.48    1998.87     -95.99    -500.00
     -9999     -9999    244.800     12.300    -14.895    -45.000      0.000    -91.349
    0.4900         0     210.38     -46.63     -48.44    1998.82     -97.99    -500.00
     -9999     -9999    302.400     12.306    -14.997    -45.000      0.000    -91.377
    0.5000         0     214.63     -47.77     -49.40    1998.77     -99.99    -500.00
     -9999     -9999      0.000     12.312    -15.099    -45.000      0.000    -91.405
    0.5100         0     218.87     -48.92     -50.36    1998.72    -101.99    -500.00
     -9999     -9999     57.600     12.317    -15.201    -45.000      0.000    -91.433
    0.5200         0     223.11     -50.08     -51.32    1998.67    -103.99    -500.00
     -9999     -9999    115.200     12.323    -15.303    -45.000      0.000    -91.461
    0.5300         0     227.35     -51.24     -52.28    1998.62    -105.99    -500.00
     -9999     -9999    172.800     12.328    -15.405    -45.000      0.000    -91.489
    0.5400         0     231.59     -52.41     -53.24    1998.57    -107.99    -500.00
     -9999     -9999    230.400     12.334    -15.508    -45.000      0.000    -91.517
    0.5500         0     235.82     -53.59     -54.20    1998.52    -109.99    -500.00
     -9999     -9999    288.000     12.339    -15.610    -45.000      0.000    -91.545
    0.5600         0     240.06     -54.78     -55.16    1998.46    -111.99    -500.00
     -9999     -9999    345.600     12.345    -15.712    -45.000      0.000    -91.573
    0.5700         0     244.29     -55.97     -56.13    1998.41    -113.99    -500.00
     -9999     -9999     43.200     12.350    -15.814    -45.000      0.000    -91.601
    0.5800         0     248.51     -57.17     -57.09    1998.35    -115.98    -500.00
     -9999     -9999    100.800     12.356    -15.916    -45.000      0.000    -91.629
    0.5900         0     252.74     -58.38     -58.05    1998.29    -117.98    -500.00
     -9999     -9999    158.400     12.361    -16.018    -45.000      0.000    -91.658
    0.6000         0     256.96     -59.60     -59.02    1998.23    -119.98    -500.00
     -9999     -9999    216.000     12.367    -16.120    -45.000      0.000    -91.686
    0.6100         0     261.19     -60.82     -59.98    1998.18    -121.98    -500.00
     -9999     -9999    273.600     12.372    -16.222    -45.000      0.000    -91.714
    0.6200         0     265.41     -62.06     -60.94    1998.12    -123.98    -500.00
     -9999     -9999    331.200     12.377    -16.324    -45.000      0.000    -91.742
    0.6300         0     269.62     -63.29     -61.91    1998.05    -125.98    -500.00
     -9999     -9999     28.800     12.383    -16.426    -45.000      0.000    -91.770
    0.6400         0     273.84     -64.54     -62.87    1997.99    -127.98    -500.00
     -9999     -9999     86.400     12.388    -16.529    -45.000      0.000    -91.798
    0.6500         0     278.05     -65.80     -63.84    1997.93    -129.98    -500.00
     -9999     -9999    144.000     12.393    -16.631    -45.000      0.000    -91.826
    0.6600         0     282.26     -67.06     -64.80    1997.86    -131.98    -500.00
     -9999     -9999    201.600     12.398    -16.733    -45.000      0.000    -91.854
    0.6700         0     286.47     -68.33     -65.77    1997.80    -133.98    -500.00
     -9999     -9999    259.200     12.404    -16.835    -45.000      0.000    -91.882
    0.6800         0     290.67     -69.60     -66.74    1997.73    -135.97    -500.00
     -9999     -9999    316.800     12.409    -16.937    -45.000      0.000    -91.910
    0.6900         0     294.88     -70.89     -67.71    1997.67    -137.97    -500.00
     -9999     -9999     14.400     12.414    -17.039    -45.000      0.000    -91.938
    0.7000         0     299.08     -72.18     -68.67    1997.60    -139.97    -500.00
     -9999     -9999     72.000     12.419    -17.141    -45.000      0.000    -91.967
    0.7100         0     303.28     -73.48     -69.64    1997.53    -141.97    -500.00
     -9999     -9999    129.600     12.424    -17.244    -45.000      0.000    -91.995
    0.7200         0     307.47     -74.78     -70.61    1997.46    -143.97    -500.00
     -9999     -9999    187.200     12.430    -17.346    -45.000      0.000    -92.023
    0.7300         0     311.66     -76.10     -71.58    1997.39    -145.97    -500.00
     -9999     -9999    244.800     12.435    -17.448    -45.000      0.000    -92.051
    0.7400         0     315.86     -77.42     -72.55    1997.32    -147.97    -500.00
     -9999     -9999    302.400     12.440    -17.550    -45.000      0.000    -92.079
    0.7500         0     320.04     -78.75     -73.52    1997.24    -149.97    -500.00
     -9999     -9999      0.000     12.445    -17.652    -45.000      0.000    -92.107
    0.7600         0     324.23     -80.08     -74.49    1997.17    -151.96    -500.00
     -9999     -9999     57.600     12.450    -17.754    -45.000      0.000    -92.135
    0.7700         0     328.41     -81.43     -75.46    1997.09    -153.96    -500.00
     -9999     -9999    115.200     12.455    -17.857    -45.000      0.000    -92.163
    0.7800         0     332.59     -82.78     -76.43    1997.02    -155.96    -500.00
     -9999     -9999    172.800     12.460    -17.959    -45.000      0.000    -92.191
    0.7900         0     336.77     -84.14     -77.40    1996.94    -157.96    -500.00
     -9999     -9999    230.400     12.465    -18.061    -45.000      0.000    -92.219
    0.8000         0     340.95     -85.50     -78.37    1996.86    -159.96    -500.00
     -9999     -9999    288.000     12.470    -18.163    -45.000      0.000    -92.248
    0.8100         0     345.12     -86.88     -79.34    1996.78    -161.96    -500.00
     -9999     -9999    345.600     12.475    -18.265    -45.000      0.000    -92.276
    0.8200         0     349.29     -88.26     -80.31    1996.70    -163.96    -500.00
     -9999     -9999     43.200     12.480    -18.367    -45.000      0.000    -92.304
    0.8300         0     353.46     -89.65     -81.29    1996.62    -165.95    -500.00
     -9999     -9999    100.800     12.485    -18.470    -45.000      0.000    -92.332
    0.8400         0     357.63     -91.04     -82.26    1996.54    -167.95    -500.00
     -9999     -9999    158.400     12.490    -18.572    -45.000      0.000    -92.360
    0.8500         0     361.79     -92.44     -83.23    1996.46    -169.95    -500.00
     -9999     -9999    216.000     12.494    -18.674    -45.000      0.000    -92.388
    0.8600         0     365.95     -93.85     -84.21    1996.37    -171.95    -500.00
     -9999     -9999    273.600     12.499    -18.776    -45.000      0.000    -92.416
    0.8700         0     370.11     -95.27     -85.18    1996.29    -173.95    -500.00
     -9999     -9999    331.200     12.504    -18.878    -45.000      0.000    -92.444
    0.8800         0     374.27     -96.70     -86.16    1996.20    -175.95    -500.00
     -9999     -9999     28.800     12.509    -18.981    -45.000      0.000    -92.472
    0.8900         0     378.42     -98.13     -87.13    1996.12    -177.94    -500.00
     -9999     -9999     86.400     12.514    -19.083    -45.000      0.000    -92.500
    0.9000         0     382.57     -99.57     -88.11    1996.03    -179.94    -500.00
     -9999     -9999    144.000     12.518    -19.185    -45.000      0.000    -92.528
    0.9100         0     386.72    -101.02     -89.08    1995.94    -181.94    -500.00
     -9999     -9999    201.600     12.523    -19.287    -45.000      0.000    -92.557
    0.9200         0     390.86    -102.47     -90.06    1995.85    -183.94    -500.00
     -9999     -9999    259.200     12.528    -19.389    -45.000      0.000    -92.585
    0.9300         0     395.01    -103.93     -91.03    1995.76    -185.94    -500.00
     -9999     -9999    316.800     12.533    -19.492    -45.000      0.000    -92.613
    0.9400         0     399.15    -105.40     -92.01    1995.67    -187.93    -500.00
     -9999     -9999     14.400     12.537    -19.594    -45.000      0.000    -92.641
    0.9500         0     403.28    -106.88     -92.99    1995.58    -189.93    -500.00
     -9999     -9999     72.000     12.542    -19.696    -45.000      0.000    -92.669
    0.9600         0     407.42    -108.36     -93.96    1995.48    -191.93    -500.00
     -9999     -9999    129.600     12.547    -19.798    -45.000      0.000    -92.697
    0.9700         0     411.55    -109.86     -94.94    1995.39    -193.93    -500.00
     -9999     -9999    187.200     12.551    -19.900    -45.000      0.000    -92.725
    0.9800         0     415.68    -111.36     -95.92    1995.29    -195.92    -500.00
     -9999     -9999    244.800     12.556    -20.003    -45.000      0.000    -92.753
    0.9900         0     419.80    -112.86     -96.90    1995.20    -197.92    -500.00
     -9999     -9999    302.400     12.561    -20.105    -45.000      0.000    -92.781
    1.0000         0     423.93    -114.37     -97.88    1995.10    -199.92    -500.00
     -9999     -9999      0.000     12.565    -20.207    -45.000      0.000    -92.809
    1.0100         0     428.05    -115.90     -98.86    1995.00    -201.92    -500.00
     -9999     -9999     57.600     12.570    -20.309    -45.000      0.000    -92.837
    1.0200         0     432.16    -117.42     -99.84    1994.90    -203.91    -500.00
     -9999     -9999    115.200     12.574    -20.412    -45.000      0.000    -92.866
    1.0300         0     436.28    -118.96    -100.82    1994.80    -205.91    -500.00
     -9999     -9999    172.800     12.579    -20.513    -45.000      0.000    -92.894
    1.0400         0     440.39    -120.50    -101.80    1994.70    -207.91    -500.00
     -9999     -9999    230.400     12.583    -20.614    -45.000      0.000    -92.922
    1.0500         0     444.50    -122.05    -102.78    1994.60    -209.91    -500.00
     -9999     -9999    288.000     12.588    -20.715    -45.000      0.000    -92.950
    1.0600         0     448.61    -123.61    -103.76    1994.49    -211.90    -500.00
     -9999     -9999    345.600     12.592    -20.815    -45.000      0.000    -92.978
    1.0700         0     452.71    -125.17    -104.74    1994.39    -213.90    -500.00
     -9999     -9999     43.200     12.597    -20.915    -45.000      0.000    -93.006
    1.0800         0     456.81    -126.74    -105.72    1994.28    -215.90    -500.00
     -9999     -9999    100.800     12.601    -21.014    -45.000      0.000    -93.034
    1.0900         0     460.91    -128.32    -106.70    1994.18    -217.90    -500.00
     -9999     -9999    158.400     12.605    -21.112    -45.000      0.000    -93.062
    1.1000         0     465.01    -129.91    -107.68    1994.07    -219.89    -500.00
     -9999     -9999    216.000     12.610    -21.210    -45.000      0.000    -93.090
    1.1100         0     469.10    -131.50    -108.67    1993.96    -221.89    -500.00
     -9999     -9999    273.600     12.614    -21.308    -45.000      0.000    -93.118
    1.1200         0     473.19    -133.10    -109.65    1993.85    -223.89    -500.00
     -9999     -9999    331.200     12.618    -21.405    -45.000      0.000    -93.147
    1.1300         0     477.27    -134.71    -110.63    1993.74    -225.88    -500.00
     -9999     -9999     28.800     12.622    -21.501    -45.000      0.000    -93.175
    1.1400         0     481.36    -136.32    -111.62    1993.63    -227.88    -500.00
     -9999     -9999     86.400     12.626    -21.597    -45.000      0.000    -93.203
    1.1500         0     485.44    -137.94    -112.60    1993.52    -229.88    -500.00
     -9999     -9999    144.000     12.631    -21.692    -45.000      0.000    -93.231
    1.1600         0     489.52    -139.56    -113.58    1993.40    -231.87    -500.00
     -9999     -9999    201.600     12.635    -21.787    -45.000      0.000    -93.259
    1.1700         0     493.60    -141.20    -114.57    1993.29    -233.87    -500.00
     -9999     -9999    259.200     12.639    -21.882    -45.000      0.000    -93.287
    1.1800         0     497.67    -142.84    -115.55    1993.17    -235.87    -500.00
     -9999     -9999    316.800     12.643    -21.976    -45.000      0.000    -93.315
    1.1900         0     501.74    -144.48    -116.54    1993.06    -237.86    -500.00
     -9999     -9999     14.400     12.647    -22.069    -45.000      0.000    -93.343
    1.2000         0     505.81    -146.14    -117.52    1992.94    -239.86    -500.00
     -9999     -9999     72.000     12.651    -22.162    -45.000      0.000    -93.371
    1.2100         0     509.87    -147.80    -118.51    1992.82    -241.86    -500.00
     -9999     -9999    129.600     12.655    -22.254    -45.000      0.000    -93.399
    1.2200         0     513.93    -149.46    -119.50    1992.70    -243.85    -500.00
     -9999     -9999    187.200     12.659    -22.346    -45.000      0.000    -93.427
    1.2300         0     517.99    -151.13    -120.48    1992.58    -245.85    -500.00
     -9999     -9999    244.800     12.662    -22.437    -45.000      0.000    -93.456
    1.2400         0     522.05    -152.81    -121.47    1992.46    -247.85    -500.00
     -9999     -9999    302.400     12.666    -22.528    -45.000      0.000    -93.484
    1.2500         0     526.10    -154.50    -122.46    1992.34    -249.84    -500.00
     -9999     -9999    360.000     12.670    -22.618    -45.000      0.000    -93.512
    1.2600         0     530.16    -156.19    -123.44    1992.22    -251.84    -500.00
     -9999     -9999     57.600     12.674    -22.708    -45.000      0.000    -93.540
    1.2700         0     534.20    -157.89    -124.43    1992.09    -253.84    -500.00
     -9999     -9999    115.200     12.678    -22.797    -45.000      0.000    -93.568
    1.2800         0     538.25    -159.59    -125.42    1991.97    -255.83    -500.00
     -9999     -9999    172.800     12.681    -22.886    -45.000      0.000    -93.596
    1.2900         0     542.29    -161.30    -126.41    1991.84    -257.83    -500.00
     -9999     -9999    230.400     12.685    -22.974    -45.000      0.000    -93.624
    1.3000         0     546.33    -163.02    -127.39    1991.72    -259.82    -500.00
     -9999     -9999    288.000     12.689    -23.062    -45.000      0.000    -93.652
    1.3100         0     550.37    -164.74    -128.38    1991.59    -261.82    -500.00
     -9999     -9999    345.600     12.693    -23.149    -45.000      0.000    -93.680
    1.3200         0     554.41    -166.47    -129.37    1991.46    -263.82    -500.00
     -9999     -9999     43.200     12.696    -23.236    -45.000      0.000    -93.708
    1.3300         0     558.44    -168.21    -130.36    1991.33    -265.81    -500.00
     -9999     -9999    100.800     12.700    -23.322    -45.000      0.000    -93.736
    1.3400         0     562.47    -169.95    -131.35    1991.20    -267.81    -500.00
     -9999     -9999    158.400     12.703    -23.408    -45.000      0.000    -93.765
    1.3500         0     566.50    -171.69    -132.34    1991.07    -269.80    -500.00
     -9999     -9999    216.000     12.707    -23.494    -45.000      0.000    -93.793
    1.3600         0     570.52    -173.45    -133.33    1990.93    -271.80    -500.00
     -9999     -9999    273.600     12.711    -23.579    -45.000      0.000    -93.821
    1.3700         0     574.54    -175.21    -134.32    1990.80    -273.79    -500.00
     -9999     -9999    331.200     12.714    -23.663    -45.000      0.000    -93.849
    1.3800         0     578.56    -176.97    -135.31    1990.67    -275.79    -500.00
     -9999     -9999     28.800     12.718    -23.747    -45.000      0.000    -93.877
    1.3900         0     582.58    -178.74    -136.30    1990.53    -277.78    -500.00
     -9999     -9999     86.400     12.721    -23.830    -45.000      0.000    -93.905
    1.4000         0     586.59    -180.52    -137.29    1990.39    -279.78    -500.00
     -9999     -9999    144.000     12.725    -23.913    -45.000      0.000    -93.933
    1.4100         0     590.61    -182.30    -138.28    1990.26    -281.78    -500.00
     -9999     -9999    201.600     12.728    -23.996    -45.000      0.000    -93.961
    1.4200         0     594.61    -184.09    -139.28    1990.12    -283.77    -500.00
     -9999     -9999    259.200     12.732    -24.078    -45.000      0.000    -93.989
    1.4300         0     598.62    -185.88    -140.27    1989.98    -285.77    -500.00
     -9999     -9999    316.800     12.735    -24.159    -45.000      0.000    -94.017
    1.4400         0     602.62    -187.68    -141.26    1989.84    -287.76    -500.00
     -9999     -9999     14.400     12.739    -24.240    -45.000      0.000    -94.046
    1.4500         0     606.62    -189.49    -142.25    1989.70    -289.76    -500.00
     -9999     -9999     72.000     12.742    -24.321    -45.000      0.000    -94.074
    1.4600         0     610.62    -191.30    -143.25    1989.55    -291.75    -500.00
     -9999     -9999    129.600     12.746    -24.401    -45.000      0.000    -94.102
    1.4700         0     614.62    -193.11    -144.24    1989.41    -293.75    -500.00
     -9999     -9999    187.200     12.749    -24.480    -45.000      0.000    -94.130
    1.4800         0     618.61    -194.93    -145.23    1989.26    -295.74    -500.00
     -9999     -9999    244.800     12.752    -24.559    -45.000      0.000    -94.158
    1.4900         0     622.60    -196.76    -146.22    1989.12    -297.73    -500.00
     -9999     -9999    302.400     12.756    -24.638    -45.000      0.000    -94.186
    1.5000         0     626.59    -198.59    -147.22    1988.97    -299.73    -500.00
     -9999     -9999    360.000     12.759    -24.716    -45.000      0.000    -94.214
    1.5100         0     630.58    -200.43    -148.21    1988.83    -301.72    -500.00
     -9999     -9999     57.600     12.763    -24.794    -45.000      0.000    -94.242
    1.5200         0     634.56    -202.27    -149.21    1988.68    -303.72    -500.00
     -9999     -9999    115.200     12.766    -24.871    -45.000      0.000    -94.270
    1.5300         0     638.54    -204.12    -150.20    1988.53    -305.71    -500.00
     -9999     -9999    172.800     12.769    -24.948    -45.000      0.000    -94.298
    1.5400         0     642.52    -205.98    -151.20    1988.38    -307.71    -500.00
     -9999     -9999    230.400     12.773    -25.025    -45.000      0.000    -94.326
    1.5500         0     646.49    -207.84    -152.19    1988.23    -309.70    -500.00
     -9999     -9999    288.000     12.776    -25.101    -45.000      0.000    -94.355
    1.5600         0     650.47    -209.70    -153.19    1988.07    -311.70    -500.00
     -9999     -9999    345.600     12.779    -25.176    -45.000      0.000    -94.383
    1.5700         0     654.44    -211.57    -154.18    1987.92    -313.69    -500.00
     -9999     -9999     43.200     12.782    -25.251    -45.000      0.000    -94.411
    1.5800         0     658.40    -213.44    -155.18    1987.77    -315.68    -500.00
     -9999     -9999    100.800     12.786    -25.326    -45.000      0.000    -94.439
    1.5900         0     662.37    -215.32    -156.17    1987.61    -317.68    -500.00
     -9999     -9999    158.400     12.789    -25.400    -45.000      0.000    -94.467
    1.6000         0     666.33    -217.21    -157.17    1987.45    -319.67    -500.00
     -9999     -9999    216.000     12.792    -25.473    -45.000      0.000    -94.495
    1.6100         0     670.29    -219.10    -158.17    1987.30    -321.67    -500.00
     -9999     -9999    273.600     12.796    -25.547    -45.000      0.000    -94.523
    1.6200         0     674.25    -220.99    -159.16    1987.14    -323.66    -500.00
     -9999     -9999    331.200     12.799    -25.620    -45.000      0.000    -94.551
    1.6300         0     678.21    -222.89    -160.16    1986.98    -325.65    -500.00
     -9999     -9999     28.800     12.802    -25.692    -45.000      0.000    -94.579
    1.6400         0     682.16    -224.80    -161.16    1986.82    -327.65    -500.00
     -9999     -9999     86.400     12.805    -25.764    -45.000      0.000    -94.607
    1.6500         0     686.11    -226.71    -162.15    1986.66    -329.64    -500.00
     -9999     -9999    144.000     12.809    -25.835    -45.000      0.000    -94.636
    1.6600         0     690.06    -228.62    -163.15    1986.50    -331.63    -500.00
     -9999     -9999    201.600     12.812    -25.906    -45.000      0.000    -94.664
    1.6700         0     694.00    -230.54    -164.15    1986.33    -333.63    -500.00
     -9999     -9999    259.200     12.815    -25.977    -45.000      0.000    -94.692
    1.6800         0     697.95    -232.47    -165.15    1986.17    -335.62    -500.00
     -9999     -9999    316.800     12.818    -26.047    -45.000      0.000    -94.720
    1.6900         0     701.89    -234.40    -166.15    1986.00    -337.61    -500.00
     -9999     -9999     14.400     12.821    -26.117    -45.000      0.000    -94.748
    1.7000         0     705.83    -236.33    -167.15    1985.84    -339.61    -500.00
     -9999     -9999     72.000     12.825    -26.186    -45.000      0.000    -94.776
    1.7100         0     709.76    -238.27    -168.14    1985.67    -341.60    -500.00
     -9999     -9999    129.600     12.828    -26.255    -45.000      0.000    -94.804
    1.7200         0     713.70    -240.21    -169.14    1985.50    -343.59    -500.00
     -9999     -9999    187.200     12.831    -26.323    -45.000      0.000    -94.832
    1.7300         0     717.63    -242.16    -170.14    1985.33    -345.59    -500.00
     -9999     -9999    244.800     12.834    -26.391    -45.000      0.000    -94.860
    1.7400         0     721.56    -244.11    -171.14    1985.16    -347.58    -500.00
     -9999     -9999    302.400     12.837    -26.459    -45.000      0.000    -94.888
    1.7500         0     725.48    -246.07    -172.14    1984.99    -349.57    -500.00
     -9999     -9999    360.000     12.841    -26.526    -45.000      0.000    -94.916
    1.7600         0     729.41    -248.03    -173.14    1984.82    -351.56    -500.00
     -9999     -9999     57.600     12.844    -26.593    -45.000      0.000    -94.945
    1.7700         0     733.33    -250.00    -174.14    1984.65    -353.56    -500.00
     -9999     -9999    115.200     12.847    -26.659    -45.000      0.000    -94.973
    1.7800         0     737.25    -251.97    -175.14    1984.47    -355.55    -500.00
     -9999     -9999    172.800     12.850    -26.725    -45.000      0.000    -95.001
    1.7900         0     741.17    -253.94    -176.15    1984.30    -357.54    -500.00
     -9999     -9999    230.400     12.853    -26.790    -45.000      0.000    -95.029
    1.8000         0     745.08    -255.92    -177.15    1984.12    -359.53    -500.00
     -9999     -9999    288.000     12.857    -26.855    -45.000      0.000    -95.057
    1.8100         0     749.00    -257.91    -178.15    1983.95    -361.52    -500.00
     -9999     -9999    345.600     12.860    -26.920    -45.000      0.000    -95.085
    1.8200         0     752.91    -259.89    -179.15    1983.77    -363.52    -500.00
     -9999     -9999     43.200     12.863    -26.984    -45.000      0.000    -95.113
    1.8300         0     756.82    -261.89    -180.15    1983.59    -365.51    -500.00
     -9999     -9999    100.800     12.866    -27.048    -45.000      0.000    -95.141
    1.8400         0     760.72    -263.88    -181.15    1983.41    -367.50    -500.00
     -9999     -9999    158.400     12.869    -27.111    -45.000      0.000    -95.169
    1.8500         0     764.63    -265.89    -182.16    1983.23    -369.49    -500.00
     -9999     -9999    216.000     12.872    -27.174    -45.000      0.000    -95.197
    1.8600         0     768.53    -267.89    -183.16    1983.05    -371.48    -500.00
     -9999     -9999    273.600     12.876    -27.237    -45.000      0.000    -95.225
    1.8700         0     772.43    -269.90    -184.16    1982.87    -373.48    -500.00
     -9999     -9999    331.200     12.879    -27.299    -45.000      0.000    -95.254
    1.8800         0     776.32    -271.92    -185.16    1982.68    -375.47    -500.00
     -9999     -9999     28.800     12.882    -27.360    -45.000      0.000    -95.282
    1.8900         0     780.22    -273.93    -186.17    1982.50    -377.46    -500.00
     -9999     -9999     86.400     12.885    -27.422    -45.000      0.000    -95.310
    1.9000         0     784.11    -275.96    -187.17    1982.31    -379.45    -500.00
     -9999     -9999    144.000     12.888    -27.483    -45.000      0.000    -95.338
    1.9100         0     788.00    -277.98    -188.18    1982.13    -381.44    -500.00
     -9999     -9999    201.600     12.892    -27.543    -45.000      0.000    -95.366
    1.9200         0     791.89    -280.01    -189.18    1981.94    -383.43    -500.00
     -9999     -9999    259.200     12.895    -27.603    -45.000      0.000    -95.394
    1.9300         0     795.78    -282.05    -190.18    1981.75    -385.42    -500.00
     -9999     -9999    316.800     12.898    -27.663    -45.000      0.000    -95.422
    1.9400         0     799.66    -284.09    -191.19    1981.56    -387.42    -500.00
     -9999     -9999     14.400     12.901    -27.722    -45.000      0.000    -95.450
    1.9500         0     803.54    -286.13    -192.19    1981.37    -389.41    -500.00
     -9999     -9999     72.000     12.904    -27.781    -45.000      0.000    -95.478
    1.9600         0     807.42    -288.17    -193.20    1981.18    -391.40    -500.00
     -9999     -9999    129.600     12.908    -27.840    -45.000      0.000    -95.506
    1.9700         0     811.30    -290.23    -194.20    1980.99    -393.39    -500.00
     -9999     -9999    187.200     12.911    -27.898    -45.000      0.000    -95.535
    1.9800         0     815.17    -292.28    -195.21    1980.79    -395.38    -500.00
     -9999     -9999    244.800     12.914    -27.956    -45.000      0.000    -95.563
    1.9900         0     819.05    -294.34    -196.22    1980.60    -397.37    -500.00
     -9999     -9999    302.400     12.917    -28.013    -45.000      0.000    -95.591
    2.0000         0     822.92    -296.40    -197.22    1980.40    -399.36    -500.00
     -9999     -9999    360.000     12.921    -28.070    -45.000      0.000    -95.619
    2.0100         0     826.79    -298.47    -198.23    1980.21    -401.35    -500.00
     -9999     -9999     57.600     12.924    -28.127    -45.000      0.000    -95.647
    2.0200         0     830.66    -300.53    -199.23    1980.01    -403.34    -500.00
     -9999     -9999    115.200     12.927    -28.183    -45.000      0.000    -95.675
    2.0300         0     834.52    -302.61    -200.24    1979.81    -405.33    -500.00
     -9999     -9999    172.800     12.930    -28.239    -45.000      0.000    -95.703
    2.0400         0     838.38    -304.69    -201.25    1979.61    -407.32    -500.00
     -9999     -9999    230.400     12.933    -28.294    -45.000      0.000    -95.731
    2.0500         0     842.24    -306.77    -202.26    1979.41    -409.31    -500.00
     -9999     -9999    288.000     12.937    -28.349    -45.000      0.000    -95.759
    2.0600         0     846.10    -308.85    -203.26    1979.21    -411.30    -500.00
     -9999     -9999    345.600     12.940    -28.404    -45.000      0.000    -95.787
    2.0700         0     849.96    -310.94    -204.27    1979.01    -413.29    -500.00
     -9999     -9999     43.200     12.943    -28.458    -45.000      0.000    -95.815
    2.0800         0     853.81    -313.03    -205.28    1978.80    -415.28    -500.00
     -9999     -9999    100.800     12.947    -28.512    -45.000      0.000    -95.844
    2.0900         0     857.67    -315.13    -206.29    1978.60    -417.27    -500.00
     -9999     -9999    158.400     12.950    -28.565    -45.000      0.000    -95.872
    2.1000         0     861.52    -317.22    -207.30    1978.40    -419.26    -500.00
     -9999     -9999    216.000     12.953    -28.619    -45.000      0.000    -95.900
    2.1100         0     865.37    -319.33    -208.30    1978.19    -421.25    -500.00
     -9999     -9999    273.600     12.956    -28.671    -45.000      0.000    -95.928
    2.1200         0     869.21    -321.43    -209.31    1977.98    -423.24    -500.00
     -9999     -9999    331.200     12.960    -28.724    -45.000      0.000    -95.956
    2.1300         0     873.06    -323.54    -210.32    1977.77    -425.23    -500.00
     -9999     -9999     28.800     12.963    -28.776    -45.000      0.000    -95.984
    2.1400         0     876.90    -325.65    -211.33    1977.57    -427.22    -500.00
     -9999     -9999     86.400     12.966    -28.828    -45.000      0.000    -96.012
    2.1500         0     880.74    -327.77    -212.34    1977.36    -429.20    -500.00
     -9999     -9999    144.000     12.970    -28.879    -45.000      0.000    -96.040
    2.1600         0     884.58    -329.89    -213.35    1977.14    -431.19    -500.00
     -9999     -9999    201.600     12.973    -28.930    -45.000      0.000    -96.068
    2.1700         0     888.42    -332.01    -214.36    1976.93    -433.18    -500.00
     -9999     -9999    259.200     12.976    -28.980    -45.000      0.000    -96.096
    2.1800         0     892.25    -334.14    -215.37    1976.72    -435.17    -500.00
     -9999     -9999    316.800     12.980    -29.031    -45.000      0.000    -96.124
    2.1900         0     896.09    -336.27    -216.38    1976.51    -437.16    -500.00
     -9999     -9999     14.400     12.983    -29.080    -45.000      0.000    -96.153
    2.2000         0     899.92    -338.40    -217.40    1976.29    -439.15    -500.00
     -9999     -9999     72.000     12.986    -29.130    -45.000      0.000    -96.181
    2.2100         0     903.75    -340.54    -218.41    1976.08    -441.14    -500.00
     -9999     -9999    129.600     12.990    -29.179    -45.000      0.000    -96.209
    2.2200         0     907.57    -342.68    -219.42    1975.86    -443.12    -500.00
     -9999     -9999    187.200     12.993    -29.228    -45.000      0.000    -96.237
    2.2300         0     911.40    -344.82    -220.43    1975.64    -445.11    -500.00
     -9999     -9999    244.800     12.997    -29.276    -45.000      0.000    -96.265
    2.2400         0     915.22    -346.97    -221.44    1975.42    -447.10    -500.00
     -9999     -9999    302.400     13.000    -29.324    -45.000      0.000    -96.293
    2.2500         0     919.04    -349.11    -222.45    1975.20    -449.09    -500.00
     -9999     -9999    360.000     13.004    -29.372    -45.000      0.000    -96.321
    2.2600         0     922.86    -351.27    -223.47    1974.98    -451.08    -500.00
     -9999     -9999     57.600     13.007    -29.419    -45.000      0.000    -96.349
    2.2700         0     926.68    -353.42    -224.48    1974.76    -453.06    -500.00
     -9999     -9999    115.200     13.010    -29.466    -45.000      0.000    -96.377
    2.2800         0     930.50    -355.58    -225.49    1974.54    -455.05    -500.00
     -9999     -9999    172.800     13.014    -29.513    -45.000      0.000    -96.405
    2.2900         0     934.31    -357.74    -226.51    1974.31    -457.04    -500.00
     -9999     -9999    230.400     13.017    -29.559    -45.000      0.000    -96.434
    2.3000         0     938.13    -359.91    -227.52    1974.09    -459.03    -500.00
     -9999     -9999    288.000     13.021    -29.605    -45.000      0.000    -96.462
    2.3100         0     941.94    -362.07    -228.53    1973.86    -461.01    -500.00
     -9999     -9999    345.600     13.024    -29.651    -45.000      0.000    -96.490
    2.3200         0     945.75    -364.24    -229.55    1973.64    -463.00    -500.00
     -9999     -9999     43.200     13.028    -29.696    -45.000      0.000    -96.518
    2.3300         0     949.55    -366.42    -230.56    1973.41    -464.99    -500.00
     -9999     -9999    100.800     13.031    -29.741    -45.000      0.000    -96.546
    2.3400         0     953.36    -368.59    -231.58    1973.18    -466.97    -500.00
     -9999     -9999    158.400     13.035    -29.786    -45.000      0.000    -96.574
    2.3500         0     957.16    -370.77    -232.59    1972.95    -468.96    -500.00
     -9999     -9999    216.000     13.038    -29.830    -45.000      0.000    -96.602
    2.3600         0     960.97    -372.95    -233.61    1972.72    -470.95    -500.00
     -9999     -9999    273.600     13.042    -29.874    -45.000      0.000    -96.630
    2.3700         0     964.77    -375.14    -234.62    1972.49    -472.93    -500.00
     -9999     -9999    331.200     13.045    -29.917    -45.000      0.000    -96.658
    2.3800         0     968.57    -377.33    -235.64    1972.26    -474.92    -500.00
     -9999     -9999     28.800     13.049    -29.961    -45.000      0.000    -96.686
    2.3900         0     972.36    -379.52    -236.66    1972.02    -476.91    -500.00
     -9999     -9999     86.400     13.053    -30.003    -45.000      0.000    -96.714
    2.4000         0     976.16    -381.71    -237.67    1971.79    -478.89    -500.00
     -9999     -9999    144.000     13.056    -30.046    -45.000      0.000    -96.743
    2.4100         0     979.95    -383.91    -238.69    1971.55    -480.88    -500.00
     -9999     -9999    201.600     13.060    -30.088    -45.000      0.000    -96.771
    2.4200         0     983.74    -386.11    -239.71    1971.32    -482.86    -500.00
     -9999     -9999    259.200     13.063    -30.130    -45.000      0.000    -96.799
    2.4300         0     987.53    -388.31    -240.72    1971.08    -484.85    -500.00
     -9999     -9999    316.800     13.067    -30.172    -45.000      0.000    -96.827
    2.4400         0     991.32    -390.51    -241.74    1970.84    -486.84    -500.00
     -9999     -9999     14.400     13.071    -30.213    -45.000      0.000    -96.855
    2.4500         0     995.11    -392.72    -242.76    1970.60    -488.82    -500.00
     -9999     -9999     72.000     13.074    -30.254    -45.000      0.000    -96.883
    2.4600         0     998.90    -394.93    -243.78    1970.36    -490.81    -500.00
     -9999     -9999    129.600     13.078    -30.294    -45.000      0.000    -96.911
    2.4700         0    1002.68    -397.14    -244.80    1970.12    -492.79    -500.00
     -9999     -9999    187.200     13.082    -30.335    -45.000      0.000    -96.939
    2.4800         0    1006.46    -399.36    -245.81    1969.88    -494.78    -500.00
     -9999     -9999    244.800     13.085    -30.375    -45.000      0.000    -96.967
    2.4900         0    1010.24    -401.58    -246.83    1969.64    -496.76    -500.00
     -9999     -9999    302.400     13.089    -30.414    -45.000      0.000    -96.995
    2.5000         0    1014.02    -403.80    -247.85    1969.39    -498.75    -500.00
     -9999     -9999    360.000     13.093    -30.454    -45.000      0.000    -97.023
    2.5100         0    1017.80    -406.02    -248.87    1969.15    -500.73    -500.00
     -9999     -9999     57.600     13.097    -30.492    -45.000      0.000    -97.052
    2.5200         0    1021.58    -408.24    -249.89    1968.90    -502.72    -500.00
     -9999     -9999    115.200     13.100    -30.531    -45.000      0.000    -97.080
    2.5300         0    1025.35    -410.47    -250.91    1968.65    -504.70    -500.00
     -9999     -9999    172.800     13.104    -30.569    -45.000      0.000    -97.108
    2.5400         0    1029.12    -412.70    -251.93    1968.41    -506.69    -500.00
     -9999     -9999    230.400     13.108    -30.608    -45.000      0.000    -97.136
    2.5500         0    1032.89    -414.93    -252.95    1968.16    -508.67    -500.00
     -9999     -9999    288.000     13.112    -30.645    -45.000      0.000    -97.164
    2.5600         0    1036.66    -417.17    -253.97    1967.91    -510.66    -500.00
     -9999     -9999    345.600     13.116    -30.683    -45.000      0.000    -97.192
    2.5700         0    1040.43    -419.41    -255.00    1967.66    -512.64    -500.00
     -9999     -9999     43.200     13.119    -30.720    -45.000      0.000    -97.220
    2.5800         0    1044.20    -421.65    -256.02    1967.41    -514.62    -500.00
     -9999     -9999    100.800     13.123    -30.757    -45.000      0.000    -97.248
    2.5900         0    1047.97    -423.89    -257.04    1967.15    -516.61    -500.00
     -9999     -9999    158.400     13.127    -30.793    -45.000      0.000    -97.276
    2.6000         0    1051.73    -426.13    -258.06    1966.90    -518.59    -500.00
     -9999     -9999    216.000     13.131    -30.829    -45.000      0.000    -97.304
    2.6100         0    1055.49    -428.38    -259.08    1966.64    -520.58    -500.00
     -9999     -9999    273.600     13.135    -30.865    -45.000      0.000    -97.333
    2.6200         0    1059.25    -430.63    -260.11    1966.39    -522.56    -500.00
     -9999     -9999    331.200     13.139    -30.901    -45.000      0.000    -97.361
    2.6300         0    1063.01    -432.88    -261.13    1966.13    -524.54    -500.00
     -9999     -9999     28.800     13.143    -30.936    -45.000      0.000    -97.389
    2.6400         0    1066.77    -435.14    -262.15    1965.87    -526.53    -500.00
     -9999     -9999     86.400     13.147    -30.971    -45.000      0.000    -97.417
    2.6500         0    1070.53    -437.39    -263.18    1965.61    -528.51    -500.00
     -9999     -9999    144.000     13.150    -31.005    -45.000      0.000    -97.445
    2.6600         0    1074.28    -439.65    -264.20    1965.36    -530.49    -500.00
     -9999     -9999    201.600     13.154    -31.040    -45.000      0.000    -97.473
    2.6700         0    1078.04    -441.91    -265.22    1965.09    -532.48    -500.00
     -9999     -9999    259.200     13.158    -31.074    -45.000      0.000    -97.501
    2.6800         0    1081.79    -444.17    -266.25    1964.83    -534.46    -500.00
     -9999     -9999    316.800     13.162    -31.108    -45.000      0.000    -97.529
    2.6900         0    1085.54    -446.44    -267.27    1964.57    -536.44    -500.00
     -9999     -9999     14.400     13.166    -31.141    -45.000      0.000    -97.557
    2.7000         0    1089.29    -448.71    -268.30    1964.31    -538.42    -500.00
     -9999     -9999     72.000     13.170    -31.174    -45.000      0.000    -97.585
    2.7100         0    1093.04    -450.98    -269.32    1964.04    -540.41    -500.00
     -9999     -9999    129.600     13.174    -31.207    -45.000      0.000    -97.613
    2.7200         0    1096.78    -453.25    -270.35    1963.78    -542.39    -500.00
     -9999     -9999    187.200     13.179    -31.240    -45.000      0.000    -97.642
    2.7300         0    1100.53    -455.52    -271.38    1963.51    -544.37    -500.00
     -9999     -9999    244.800     13.183    -31.272    -45.000      0.000    -97.670
    2.7400         0    1104.27    -457.80    -272.40    1963.24    -546.35    -500.00
     -9999     -9999    302.400     13.187    -31.304    -45.000      0.000    -97.698
    2.7500         0    1108.02    -460.07    -273.43    1962.97    -548.33    -500.00
     -9999     -9999    360.000     13.191    -31.336    -45.000      0.000    -97.726
    2.7600         0    1111.76    -462.35    -274.46    1962.71    -550.32    -500.00
     -9999     -9999     57.600     13.195    -31.367    -45.000      0.000    -97.754
    2.7700         0    1115.50    -464.63    -275.48    1962.44    -552.30    -500.00
     -9999     -9999    115.200     13.199    -31.398    -45.000      0.000    -97.782
    2.7800         0    1119.24    -466.92    -276.51    1962.16    -554.28    -500.00
     -9999     -9999    172.800     13.203    -31.429    -45.000      0.000    -97.810
    2.7900         0    1122.97    -469.20    -277.54    1961.89    -556.26    -500.00
     -9999     -9999    230.400     13.207    -31.460    -45.000      0.000    -97.838
    2.8000         0    1126.71    -471.49    -278.57    1961.62    -558.24    -500.00
     -9999     -9999    288.000     13.212    -31.490    -45.000      0.000    -97.866
    2.8100         0    1130.45    -473.78    -279.60    1961.34    -560.22    -500.00
     -9999     -9999    345.600     13.216    -31.520    -45.000      0.000    -97.894
    2.8200         0    1134.18    -476.07    -280.63    1961.07    -562.20    -500.00
     -9999     -9999     43.200     13.220    -31.550    -45.000      0.000    -97.923
    2.8300         0    1137.91    -478.36    -281.65    1960.79    -564.19    -500.00
     -9999     -9999    100.800     13.224    -31.579    -45.000      0.000    -97.951
    2.8400         0    1141.64    -480.66    -282.68    1960.52    -566.17    -500.00
     -9999     -9999    158.400     13.228    -31.609    -45.000      0.000    -97.979
    2.8500         0    1145.37    -482.96    -283.71    1960.24    -568.15    -500.00
     -9999     -9999    216.000     13.233    -31.637    -45.000      0.000    -98.007
    2.8600         0    1149.10    -485.25    -284.74    1959.96    -570.13    -500.00
     -9999     -9999    273.600     13.237    -31.666    -45.000      0.000    -98.035
    2.8700         0    1152.83    -487.55    -285.78    1959.68    -572.11    -500.00
     -9999     -9999    331.200     13.241    -31.694    -45.000      0.000    -98.063
    2.8800         0    1156.56    -489.86    -286.81    1959.40    -574.09    -500.00
     -9999     -9999     28.800     13.246    -31.723    -45.000      0.000    -98.091
    2.8900         0    1160.28    -492.16    -287.84    1959.12    -576.07    -500.00
     -9999     -9999     86.400     13.250    -31.750    -45.000      0.000    -98.119
    2.9000         0    1164.01    -494.47    -288.87    1958.83    -578.05    -500.00
     -9999     -9999    144.000     13.254    -31.778    -45.000      0.000    -98.147
    2.9100         0    1167.73    -496.77    -289.90    1958.55    -580.03    -500.00
     -9999     -9999    201.600     13.259    -31.805    -45.000      0.000    -98.175
    2.9200         0    1171.45    -499.08    -290.93    1958.26    -582.01    -500.00
     -9999     -9999    259.200     13.263    -31.832    -45.000      0.000    -98.203
    2.9300         0    1175.17    -501.39    -291.97    1957.98    -583.99    -500.00
     -9999     -9999    316.800     13.267    -31.859    -45.000      0.000    -98.232
    2.9400         0    1178.89    -503.71    -293.00    1957.69    -585.97    -500.00
     -9999     -9999     14.400     13.272    -31.885    -45.000      0.000    -98.260
    2.9500         0    1182.61    -506.02    -294.03    1957.40    -587.94    -500.00
     -9999     -9999     72.000     13.276    -31.912    -45.000      0.000    -98.288
    2.9600         0    1186.33    -508.34    -295.07    1957.11    -589.92    -500.00
     -9999     -9999    129.600     13.281    -31.938    -45.000      0.000    -98.316
    2.9700         0    1190.04    -510.66    -296.10    1956.82    -591.90    -500.00
     -9999     -9999    187.200     13.285    -31.963    -45.000      0.000    -98.344
    2.9800         0    1193.76    -512.97    -297.13    1956.53    -593.88    -500.00
     -9999     -9999    244.800     13.290    -31.989    -45.000      0.000    -98.372
    2.9900         0    1197.47    -515.30    -298.17    1956.24    -595.86    -500.00
     -9999     -9999    302.400     13.294    -32.014    -45.000      0.000    -98.400
    3.0000         0    1201.18    -517.62    -299.20    1955.95    -597.84    -500.00
     -9999     -9999    360.000     13.299    -32.039    -45.000      0.000    -98.428
    3.0100         0    1204.90    -519.94    -300.24    1955.66    -599.82    -500.00
     -9999     -9999     57.600     13.303    -32.064    -45.000      0.000    -98.456
    3.0200         0    1208.61    -522.27    -301.27    1955.36    -601.80    -500.00
     -9999     -9999    115.200     13.308    -32.088    -45.000      0.000    -98.484
    3.0300         0    1212.32    -524.59    -302.31    1955.07    -603.77    -500.00
     -9999     -9999    172.800     13.312    -32.112    -45.000      0.000    -98.512
    3.0400         0    1216.03    -526.92    -303.35    1954.77    -605.75    -500.00
     -9999     -9999    230.400     13.317    -32.136    -45.000      0.000    -98.541
    3.0500         0    1219.73    -529.25    -304.38    1954.47    -607.73    -500.00
     -9999     -9999    288.000     13.322    -32.160    -45.000      0.000    -98.569
    3.0600         0    1223.44    -531.58    -305.42    1954.17    -609.71    -500.00
     -9999     -9999    345.600     13.326    -32.183    -45.000      0.000    -98.597
    3.0700         0    1227.14    -533.92    -306.46    1953.87    -611.68    -500.00
     -9999     -9999     43.200     13.331    -32.206    -45.000      0.000    -98.625
    3.0800         0    1230.85    -536.25    -307.50    1953.57    -613.66    -500.00
     -9999     -9999    100.800     13.335    -32.229    -45.000      0.000    -98.653
    3.0900         0    1234.55    -538.59    -308.53    1953.27    -615.64    -500.00
     -9999     -9999    158.400     13.340    -32.252    -45.000      0.000    -98.681
    3.1000         0    1238.26    -540.93    -309.57    1952.97    -617.62    -500.00
     -9999     -9999    216.000     13.345    -32.274    -45.000      0.000    -98.709
    3.1100         0    1241.96    -543.26    -310.61    1952.67    -619.59    -500.00
     -9999     -9999    273.600     13.350    -32.297    -45.000      0.000    -98.737
    3.1200         0    1245.66    -545.60    -311.65    1952.36    -621.57    -500.00
     -9999     -9999    331.200     13.354    -32.319    -45.000      0.000    -98.765
    3.1300         0    1249.36    -547.95    -312.69    1952.06    -623.55    -500.00
     -9999     -9999     28.800     13.359    -32.340    -45.000      0.000    -98.793
    3.1400         0    1253.06    -550.29    -313.73    1951.75    -625.52    -500.00
     -9999     -9999     86.400     13.364    -32.362    -45.000      0.000    -98.822
    3.1500         0    1256.75    -552.63    -314.77    1951.44    -627.50    -500.00
     -9999     -9999    144.000     13.369    -32.383    -45.000      0.000    -98.850
    3.1600         0    1260.45    -554.98    -315.81    1951.14    -629.47    -500.00
     -9999     -9999    201.600     13.373    -32.404    -45.000      0.000    -98.878
    3.1700         0    1264.15    -557.32    -316.85    1950.83    -631.45    -500.00
     -9999     -9999    259.200     13.378    -32.425    -45.000      0.000    -98.906
    3.1800         0    1267.84    -559.67    -317.89    1950.52    -633.43    -500.00
     -9999     -9999    316.800     13.383    -32.445    -45.000      0.000    -98.934
    3.1900         0    1271.53    -562.02    -318.93    1950.20    -635.40    -500.00
     -9999     -9999     14.400     13.388    -32.465    -45.000      0.000    -98.962
    3.2000         0    1275.23    -564.37    -319.98    1949.89    -637.38    -500.00
     -9999     -9999     72.000     13.393    -32.486    -45.000      0.000    -98.990
    3.2100         0    1278.92    -566.72    -321.02    1949.58    -639.35    -500.00
     -9999     -9999    129.600     13.398    -32.505    -45.000      0.000    -99.018
    3.2200         0    1282.61    -569.08    -322.06    1949.27    -641.33    -500.00
     -9999     -9999    187.200     13.403    -32.525    -45.000      0.000    -99.046
    3.2300         0    1286.30    -571.43    -323.11    1948.95    -643.30    -500.00
     -9999     -9999    244.800     13.407    -32.544    -45.000      0.000    -99.074
    3.2400         0    1289.99    -573.79    -324.15    1948.64    -645.28    -500.00
     -9999     -9999    302.400     13.412    -32.563    -45.000      0.000    -99.102
    3.2500         0    1293.68    -576.14    -325.19    1948.32    -647.25    -500.00
     -9999     -9999    360.000     13.417    -32.582    -45.000      0.000    -99.131
    3.2600         0    1297.37    -578.50    -326.24    1948.00    -649.23    -500.00
     -9999     -9999     57.600     13.422    -32.601    -45.000      0.000    -99.159
    3.2700         0    1301.05    -580.86    -327.28    1947.68    -651.20    -500.00
     -9999     -9999    115.200     13.427    -32.619    -45.000      0.000    -99.187
    3.2800         0    1304.74    -583.22    -328.33    1947.36    -653.18    -500.00
     -9999     -9999    172.800     13.432    -32.638    -45.000      0.000    -99.215
    3.2900         0    1308.43    -585.58    -329.37    1947.04    -655.15    -500.00
     -9999     -9999    230.400     13.437    -32.656    -45.000      0.000    -99.243
    3.3000         0    1312.11    -587.94    -330.42    1946.72    -657.12    -500.00
     -9999     -9999    288.000     13.442    -32.674    -45.000      0.000    -99.271
    3.3100         0    1315.79    -590.31    -331.46    1946.40    -659.10    -500.00
     -9999     -9999    345.600     13.447    -32.691    -45.000      0.000    -99.299
    3.3200         0    1319.48    -592.67    -332.51    1946.07    -661.07    -500.00
     -9999     -9999     43.200     13.453    -32.708    -45.000      0.000    -99.327
    3.3300         0    1323.16    -595.04    -333.56    1945.75    -663.04    -500.00
     -9999     -9999    100.800     13.458    -32.726    -45.000      0.000    -99.355
    3.3400         0    1326.84    -597.40    -334.61    1945.42    -665.02    -500.00
     -9999     -9999    158.400     13.463    -32.742    -45.000      0.000    -99.383
    3.3500         0    1330.52    -599.77    -335.65    1945.10    -666.99    -500.00
     -9999     -9999    216.000     13.468    -32.759    -45.000      0.000    -99.411
    3.3600         0    1334.20    -602.14    -336.70    1944.77    -668.96    -500.00
     -9999     -9999    273.600     13.473    -32.776    -45.000      0.000    -99.440
    3.3700         0    1337.88    -604.51    -337.75    1944.44    -670.94    -500.00
     -9999     -9999    331.200     13.478    -32.792    -45.000      0.000    -99.468
    3.3800         0    1341.56    -606.88    -338.80    1944.11    -672.91    -500.00
     -9999     -9999     28.800     13.483    -32.808    -45.000      0.000    -99.496
    3.3900         0    1345.24    -609.25    -339.85    1943.78    -674.88    -500.00
     -9999     -9999     86.400     13.489    -32.824    -45.000      0.000    -99.524
    3.4000         0    1348.91    -611.62    -340.90    1943.45    -676.85    -500.00
     -9999     -9999    144.000     13.494    -32.840    -45.000      0.000    -99.552
    3.4100         0    1352.59    -614.00    -341.95    1943.12    -678.83    -500.00
     -9999     -9999    201.600     13.499    -32.855    -45.000      0.000    -99.580
    3.4200         0    1356.27    -616.37    -343.00    1942.78    -680.80    -500.00
     -9999     -9999    259.200     13.504    -32.870    -45.000      0.000    -99.608
    3.4300         0    1359.94    -618.75    -344.05    1942.45    -682.77    -500.00
     -9999     -9999    316.800     13.510    -32.885    -45.000      0.000    -99.636
    3.4400         0    1363.61    -621.12    -345.10    1942.11    -684.74    -500.00
     -9999     -9999     14.400     13.515    -32.900    -45.000      0.000    -99.664
    3.4500         0    1367.29    -623.50    -346.15    1941.78    -686.71    -500.00
     -9999     -9999     72.000     13.520    -32.915    -45.000      0.000    -99.692
    3.4600         0    1370.96    -625.88    -347.21    1941.44    -688.69    -500.00
     -9999     -9999    129.600     13.525    -32.929    -45.000      0.000    -99.721
    3.4700         0    1374.63    -628.26    -348.26    1941.10    -690.66    -500.00
     -9999     -9999    187.200     13.531    -32.943    -45.000      0.000    -99.749
    3.4800         0    1378.30    -630.64    -349.31    1940.76    -692.63    -500.00
     -9999     -9999    244.800     13.536    -32.957    -45.000      0.000    -99.777
    3.4900         0    1381.97    -633.02    -350.37    1940.42    -694.60    -500.00
     -9999     -9999    302.400     13.541    -32.971    -45.000      0.000    -99.805
    3.5000         0    1385.64    -635.40    -351.42    1940.08    -696.57    -500.00
     -9999     -9999    360.000     13.547    -32.985    -45.000      0.000    -99.833
    3.5100         0    1389.31    -637.78    -352.47    1939.74    -698.54    -500.00
     -9999     -9999     57.600     13.552    -32.998    -45.000      0.000    -99.861
    3.5200         0    1392.98    -640.16    -353.53    1939.40    -700.51    -500.00
     -9999     -9999    115.200     13.558    -33.011    -45.000      0.000    -99.889
    3.5300         0    1396.65    -642.55    -354.58    1939.05    -702.48    -500.00
     -9999     -9999    172.800     13.563    -33.024    -45.000      0.000    -99.917
    3.5400         0    1400.32    -644.93    -355.64    1938.71    -704.45    -500.00
     -9999     -9999    230.400     13.569    -33.037    -45.000      0.000    -99.945
    3.5500         0    1403.98    -647.32    -356.69    1938.36    -706.42    -500.00
     -9999     -9999    288.000     13.574    -33.050    -45.000      0.000    -99.973
    3.5600         0    1407.65    -649.70    -357.75    1938.01    -708.39    -500.00
     -9999     -9999    345.600     13.580    -33.062    -45.000      0.000   -100.001
    3.5700         0    1411.32    -652.09    -358.81    1937.67    -710.36    -500.00
     -9999     -9999     43.200     13.585    -33.075    -45.000      0.000   -100.030
    3.5800         0    1414.98    -654.48    -359.87    1937.32    -712.33    -500.00
     -9999     -9999    100.800     13.591    -33.087    -45.000      0.000   -100.058
    3.5900         0    1418.65    -656.86    -360.92    1936.97    -714.30    -500.00
     -9999     -9999    158.400     13.596    -33.099    -45.000      0.000   -100.086
    3.6000         0    1422.31    -659.25    -361.98    1936.62    -716.27    -500.00
     -9999     -9999    216.000     13.602    -33.110    -45.000      0.000   -100.114
    3.6100         0    1425.97    -661.64    -363.04    1936.27    -718.24    -500.00
     -9999     -9999    273.600     13.607    -33.122    -45.000      0.000   -100.142
    3.6200         0    1429.64    -664.03    -364.10    1935.91    -720.20    -500.00
     -9999     -9999    331.200     13.613    -33.133    -45.000      0.000   -100.170
    3.6300         0    1433.30    -666.42    -365.16    1935.56    -722.17    -500.00
     -9999     -9999     28.800     13.618    -33.144    -45.000      0.000   -100.198
    3.6400         0    1436.96    -668.82    -366.22    1935.21    -724.14    -500.00
     -9999     -9999     86.400     13.624    -33.155    -45.000      0.000   -100.226
    3.6500         0    1440.62    -671.21    -367.28    1934.85    -726.11    -500.00
     -9999     -9999    144.000     13.630    -33.166    -45.000      0.000   -100.254
    3.6600         0    1444.28    -673.60    -368.34    1934.49    -728.08    -500.00
     -9999     -9999    201.600     13.635    -33.177    -45.000      0.000   -100.282
    3.6700         0    1447.94    -675.99    -369.40    1934.14    -730.04    -500.00
     -9999     -9999    259.200     13.641    -33.187    -45.000      0.000   -100.310
    3.6800         0    1451.60    -678.39    -370.46    1933.78    -732.01    -500.00
     -9999     -9999    316.800     13.647    -33.197    -45.000      0.000   -100.339
    3.6900         0    1455.26    -680.78    -371.52    1933.42    -733.98    -500.00
     -9999     -9999     14.400     13.653    -33.207    -45.000      0.000   -100.367
    3.7000         0    1458.92    -683.18    -372.59    1933.06    -735.95    -500.00
     -9999     -9999     72.000     13.658    -33.217    -45.000      0.000   -100.395
    3.7100         0    1462.58    -685.57    -373.65    1932.70    -737.91    -500.00
     -9999     -9999    129.600     13.664    -33.227    -45.000      0.000   -100.423
    3.7200         0    1466.23    -687.97    -374.71    1932.33    -739.88    -500.00
     -9999     -9999    187.200     13.670    -33.236    -45.000      0.000   -100.451
    3.7300         0    1469.89    -690.37    -375.77    1931.97    -741.85    -500.00
     -9999     -9999    244.800     13.676    -33.246    -45.000      0.000   -100.479
    3.7400         0    1473.55    -692.76    -376.84    1931.61    -743.81    -500.00
     -9999     -9999    302.400     13.681    -33.255    -45.000      0.000   -100.507
    3.7500         0    1477.20    -695.16    -377.90    1931.24    -745.78    -500.00
     -9999     -9999    360.000     13.687    -33.264    -45.000      0.000   -100.535
    3.7600         0    1480.86    -697.56    -378.97    1930.87    -747.75    -500.00
     -9999     -9999     57.600     13.693    -33.273    -45.000      0.000   -100.563
    3.7700         0    1484.51    -699.96    -380.03    1930.51    -749.71    -500.00
     -9999     -9999    115.200     13.699    -33.282    -45.000      0.000   -100.591
    3.7800         0    1488.17    -702.36    -381.10    1930.14    -751.68    -500.00
     -9999     -9999    172.800     13.705    -33.290    -45.000      0.000   -100.620
    3.7900         0    1491.82    -704.76    -382.17    1929.77    -753.64    -500.00
     -9999     -9999    230.400     13.711    -33.299    -45.000      0.000   -100.648
    3.8000         0    1495.48    -707.16    -383.23    1929.40    -755.61    -500.00
     -9999     -9999    288.000     13.716    -33.307    -45.000      0.000   -100.676
    3.8100         0    1499.13    -709.56    -384.30    1929.03    -757.58    -500.00
     -9999     -9999    345.600     13.722    -33.315    -45.000      0.000   -100.704
    3.8200         0    1502.78    -711.96    -385.37    1928.66    -759.54    -500.00
     -9999     -9999     43.200     13.728    -33.323    -45.000      0.000   -100.732
    3.8300         0    1506.44    -714.36    -386.44    1928.28    -761.51    -500.00
     -9999     -9999    100.800     13.734    -33.330    -45.000      0.000   -100.760
    3.8400         0    1510.09    -716.76    -387.50    1927.91    -763.47    -500.00
     -9999     -9999    158.400     13.740    -33.338    -45.000      0.000   -100.788
    3.8500         0    1513.74    -719.17    -388.57    1927.54    -765.43    -500.00
     -9999     -9999    216.000     13.746    -33.345    -45.000      0.000   -100.816
    3.8600         0    1517.39    -721.57    -389.64    1927.16    -767.40    -500.00
     -9999     -9999    273.600     13.752    -33.353    -45.000      0.000   -100.844
    3.8700         0    1521.04    -723.97    -390.71    1926.78    -769.36    -500.00
     -9999     -9999    331.200     13.758    -33.360    -45.000      0.000   -100.872
    3.8800         0    1524.69    -726.38    -391.78    1926.41    -771.33    -500.00
     -9999     -9999     28.800     13.764    -33.367    -45.000      0.000   -100.900
    3.8900         0    1528.34    -728.78    -392.85    1926.03    -773.29    -500.00
     -9999     -9999     86.400     13.770    -33.373    -45.000      0.000   -100.929
    3.9000         0    1531.99    -731.19    -393.93    1925.65    -775.25    -500.00
     -9999     -9999    144.000     13.776    -33.380    -45.000      0.000   -100.957
    3.9100         0    1535.64    -733.59    -395.00    1925.27    -777.22    -500.00
     -9999     -9999    201.600     13.782    -33.386    -45.000      0.000   -100.985
    3.9200         0    1539.29    -736.00    -396.07    1924.89    -779.18    -500.00
     -9999     -9999    259.200     13.788    -33.393    -45.000      0.000   -101.013
    3.9300         0    1542.94    -738.40    -397.14    1924.50    -781.14    -500.00
     -9999     -9999    316.800     13.794    -33.399    -45.000      0.000   -101.041
    3.9400         0    1546.59    -740.81    -398.22    1924.12    -783.11    -500.00
     -9999     -9999     14.400     13.801    -33.405    -45.000      0.000   -101.069
    3.9500         0    1550.24    -743.21    -399.29    1923.73    -785.07    -500.00
     -9999     -9999     72.000     13.807    -33.411    -45.000      0.000   -101.097
    3.9600         0    1553.88    -745.62    -400.36    1923.35    -787.03    -500.00
     -9999     -9999    129.600     13.813    -33.416    -45.000      0.000   -101.125
    3.9700         0    1557.53    -748.03    -401.44    1922.96    -788.99    -500.00
     -9999     -9999    187.200     13.819    -33.422    -45.000      0.000   -101.153
    3.9800         0    1561.18    -750.43    -402.51    1922.58    -790.96    -500.00
     -9999     -9999    244.800     13.825    -33.427    -45.000      0.000   -101.181
    3.9900         0    1564.82    -752.84    -403.59    1922.19    -792.92    -500.00
     -9999     -9999    302.400     13.831    -33.433    -45.000      0.000   -101.209
    4.0000         0    1568.47    -755.25    -404.67    1921.80    -794.88    -500.00
     -9999     -9999    360.000     13.838    -33.438    -45.000      0.000   -101.238
    4.0100         0    1572.12    -757.66    -405.74    1921.41    -796.84    -500.00
     -9999     -9999     57.600     13.844    -33.443    -45.000      0.000   -101.266
    4.0200         0    1575.76    -760.06    -406.82    1921.02    -798.80    -500.00
     -9999     -9999    115.200     13.850    -33.448    -45.000      0.000   -101.294
    4.0300         0    1579.41    -762.47    -407.90    1920.62    -800.76    -500.00
     -9999     -9999    172.800     13.856    -33.453    -45.000      0.000   -101.322
    4.0400         0    1583.05    -764.88    -408.97    1920.23    -802.73    -500.00
     -9999     -9999    230.400     13.863    -33.457    -45.000      0.000   -101.350
    4.0500         0    1586.70    -767.29    -410.05    1919.84    -804.69    -500.00
     -9999     -9999    288.000     13.869    -33.462    -45.000      0.000   -101.378
    4.0600         0    1590.34    -769.70    -411.13    1919.44    -806.65    -500.00
     -9999     -9999    345.600     13.875    -33.466    -45.000      0.000   -101.406
    4.0700         0    1593.99    -772.11    -412.21    1919.05    -808.61    -500.00
     -9999     -9999     43.200     13.881    -33.470    -45.000      0.000   -101.434
    4.0800         0    1597.63    -774.52    -413.29    1918.65    -810.57    -500.00
     -9999     -9999    100.800     13.888    -33.474    -45.000      0.000   -101.462
    4.0900         0    1601.27    -776.93    -414.37    1918.25    -812.53    -500.00
     -9999     -9999    158.400     13.894    -33.478    -45.000      0.000   -101.490
    4.1000         0    1604.92    -779.34    -415.45    1917.85    -814.49    -500.00
     -9999     -9999    216.000     13.900    -33.482    -45.000      0.000   -101.519
    4.1100         0    1608.56    -781.75    -416.53    1917.45    -816.45    -500.00
     -9999     -9999    273.600     13.907    -33.485    -45.000      0.000   -101.547
    4.1200         0    1612.20    -784.16    -417.61    1917.05    -818.41    -500.00
     -9999     -9999    331.200     13.913    -33.489    -45.000      0.000   -101.575
    4.1300         0    1615.85    -786.57    -418.70    1916.65    -820.37    -500.00
     -9999     -9999     28.800     13.920    -33.492    -45.000      0.000   -101.603
    4.1400         0    1619.49    -788.98    -419.78    1916.25    -822.32    -500.00
     -9999     -9999     86.400     13.926    -33.496    -45.000      0.000   -101.631
    4.1500         0    1623.13    -791.39    -420.86    1915.84    -824.28    -500.00
     -9999     -9999    144.000     13.932    -33.499    -45.000      0.000   -101.659
    4.1600         0    1626.77    -793.80    -421.95    1915.44    -826.24    -500.00
     -9999     -9999    201.600     13.939    -33.502    -45.000      0.000   -101.687
    4.1700         0    1630.41    -796.21    -423.03    1915.03    -828.20    -500.00
     -9999     -9999    259.200     13.945    -33.505    -45.000      0.000   -101.715
    4.1800         0    1634.06    -798.62    -424.12    1914.63    -830.16    -500.00
     -9999     -9999    316.800     13.952    -33.507    -45.000      0.000   -101.743
    4.1900         0    1637.70    -801.03    -425.20    1914.22    -832.12    -500.00
     -9999     -9999     14.400     13.958    -33.510    -45.000      0.000   -101.771
    4.2000         0    1641.34    -803.44    -426.29    1913.81    -834.08    -500.00
     -9999     -9999     72.000     13.965    -33.513    -45.000      0.000   -101.799
    4.2100         0    1644.98    -805.85    -427.37    1913.40    -836.03    -500.00
     -9999     -9999    129.600     13.971    -33.515    -45.000      0.000   -101.828
    4.2200         0    1648.62    -808.26    -428.46    1912.99    -837.99    -500.00
     -9999     -9999    187.200     13.978    -33.517    -45.000      0.000   -101.856
    4.2300         0    1652.26    -810.67    -429.55    1912.58    -839.95    -500.00
     -9999     -9999    244.800     13.984    -33.520    -45.000      0.000   -101.884
    4.2400         0    1655.90    -813.09    -430.63    1912.17    -841.90    -500.00
     -9999     -9999    302.400     13.991    -33.522    -45.000      0.000   -101.912
    4.2500         0    1659.54    -815.50    -431.72    1911.75    -843.86    -500.00
     -9999     -9999    360.000     13.998    -33.524    -45.000      0.000   -101.940
    4.2600         0    1663.18    -817.91    -432.81    1911.34    -845.82    -500.00
     -9999     -9999     57.600     14.004    -33.525    -45.000      0.000   -101.968
    4.2700         0    1666.82    -820.32    -433.90    1910.92    -847.77    -500.00
     -9999     -9999    115.200     14.011    -33.527    -45.000      0.000   -101.996
    4.2800         0    1670.46    -822.73    -434.99    1910.51    -849.73    -500.00
     -9999     -9999    172.800     14.017    -33.529    -45.000      0.000   -102.024
    4.2900         0    1674.10    -825.14    -436.08    1910.09    -851.69    -500.00
     -9999     -9999    230.400     14.024    -33.530    -45.000      0.000   -102.052
    4.3000         0    1677.74    -827.56    -437.17    1909.67    -853.64    -500.00
     -9999     -9999    288.000     14.031    -33.532    -45.000      0.000   -102.080
    4.3100         0    1681.38    -829.97    -438.26    1909.25    -855.60    -500.00
     -9999     -9999    345.600     14.037    -33.533    -45.000      0.000   -102.109
    4.3200         0    1685.02    -832.38    -439.35    1908.83    -857.55    -500.00
     -9999     -9999     43.200     14.044    -33.534    -45.000      0.000   -102.137
    4.3300         0    1688.66    -834.79    -440.45    1908.41    -859.51    -500.00
     -9999     -9999    100.800     14.051    -33.535    -45.000      0.000   -102.165
    4.3400         0    1692.30    -837.20    -441.54    1907.99    -861.46    -500.00
     -9999     -9999    158.400     14.057    -33.536    -45.000      0.000   -102.193
    4.3500         0    1695.93    -839.61    -442.63    1907.57    -863.42    -500.00
     -9999     -9999    216.000     14.064    -33.537    -45.000      0.000   -102.221
    4.3600         0    1699.57    -842.03    -443.73    1907.14    -865.37    -500.00
     -9999     -9999    273.600     14.071    -33.538    -45.000      0.000   -102.249
    4.3700         0    1703.21    -844.44    -444.82    1906.72    -867.33    -500.00
     -9999     -9999    331.200     14.077    -33.538    -45.000      0.000   -102.277
    4.3800         0    1706.85    -846.85    -445.92    1906.29    -869.28    -500.00
     -9999     -9999     28.800     14.084    -33.539    -45.000      0.000   -102.305
    4.3900         0    1710.49    -849.26    -447.01    1905.87    -871.24    -500.00
     -9999     -9999     86.400     14.091    -33.539    -45.000      0.000   -102.333
    4.4000         0    1714.12    -851.67    -448.11    1905.44    -873.19    -500.00
     -9999     -9999    144.000     14.098    -33.540    -45.000      0.000   -102.361
    4.4100         0    1717.76    -854.08    -449.20    1905.01    -875.14    -500.00
     -9999     -9999    201.600     14.104    -33.540    -45.000      0.000   -102.389
    4.4200         0    1721.40    -856.49    -450.30    1904.58    -877.10    -500.00
     -9999     -9999    259.200     14.111    -33.540    -45.000      0.000   -102.418
    4.4300         0    1725.04    -858.91    -451.40    1904.15    -879.05    -500.00
     -9999     -9999    316.800     14.118    -33.540    -45.000      0.000   -102.446
    4.4400         0    1728.67    -861.32    -452.50    1903.72    -881.00    -500.00
     -9999     -9999     14.400     14.125    -33.540    -45.000      0.000   -102.474
    4.4500         0    1732.31    -863.73    -453.59    1903.29    -882.95    -500.00
     -9999     -9999     72.000     14.132    -33.540    -45.000      0.000   -102.502
    4.4600         0    1735.95    -866.14    -454.69    1902.85    -884.91    -500.00
     -9999     -9999    129.600     14.139    -33.540    -45.000      0.000   -102.530
    4.4700         0    1739.59    -868.55    -455.79    1902.42    -886.86    -500.00
     -9999     -9999    187.200     14.145    -33.539    -45.000      0.000   -102.558
    4.4800         0    1743.22    -870.96    -456.89    1901.98    -888.81    -500.00
     -9999     -9999    244.800     14.152    -33.539    -45.000      0.000   -102.586
    4.4900         0    1746.86    -873.37    -457.99    1901.55    -890.76    -500.00
     -9999     -9999    302.400     14.159    -33.539    -45.000      0.000   -102.614
    4.5000         0    1750.50    -875.78    -459.09    1901.11    -892.71    -500.00
     -9999     -9999    360.000     14.166    -33.538    -45.000      0.000   -102.642
    4.5100         0    1754.13    -878.19    -460.20    1900.67    -894.67    -500.00
     -9999     -9999     57.600     14.173    -33.537    -45.000      0.000   -102.670
    4.5200         0    1757.77    -880.60    -461.30    1900.23    -896.62    -500.00
     -9999     -9999    115.200     14.180    -33.537    -45.000      0.000   -102.698
    4.5300         0    1761.41    -883.01    -462.40    1899.79    -898.57    -500.00
     -9999     -9999    172.800     14.187    -33.536    -45.000      0.000   -102.727
    4.5400         0    1765.04    -885.42    -463.50    1899.35    -900.52    -500.00
     -9999     -9999    230.400     14.194    -33.535    -45.000      0.000   -102.755
    4.5500         0    1768.68    -887.83    -464.61    1898.91    -902.47    -500.00
     -9999     -9999    288.000     14.201    -33.534    -45.000      0.000   -102.783
    4.5600         0    1772.32    -890.24    -465.71    1898.47    -904.42    -500.00
     -9999     -9999    345.600     14.208    -33.533    -45.000      0.000   -102.811
    4.5700         0    1775.95    -892.65    -466.82    1898.02    -906.37    -500.00
     -9999     -9999     43.200     14.215    -33.532    -45.000      0.000   -102.839
    4.5800         0    1779.59    -895.06    -467.92    1897.58    -908.32    -500.00
     -9999     -9999    100.800     14.222    -33.530    -45.000      0.000   -102.867
    4.5900         0    1783.23    -897.47    -469.03    1897.13    -910.27    -500.00
     -9999     -9999    158.400     14.229    -33.529    -45.000      0.000   -102.895
    4.6000         0    1786.86    -899.88    -470.13    1896.68    -912.22    -500.00
     -9999     -9999    216.000     14.236    -33.528    -45.000      0.000   -102.923
    4.6100         0    1790.50    -902.29    -471.24    1896.24    -914.17    -500.00
     -9999     -9999    273.600     14.243    -33.526    -45.000      0.000   -102.951
    4.6200         0    1794.13    -904.70    -472.35    1895.79    -916.12    -500.00
     -9999     -9999    331.200     14.250    -33.525    -45.000      0.000   -102.979
    4.6300         0    1797.77    -907.11    -473.46    1895.34    -918.07    -500.00
     -9999     -9999     28.800     14.257    -33.523    -45.000      0.000   -103.008
    4.6400         0    1801.41    -909.52    -474.56    1894.89    -920.01    -500.00
     -9999     -9999     86.400     14.264    -33.521    -45.000      0.000   -103.036
    4.6500         0    1805.04    -911.93    -475.67    1894.44    -921.96    -500.00
     -9999     -9999    144.000     14.271    -33.520    -45.000      0.000   -103.064
    4.6600         0    1808.68    -914.33    -476.78    1893.98    -923.91    -500.00
     -9999     -9999    201.600     14.278    -33.518    -45.000      0.000   -103.092
    4.6700         0    1812.31    -916.74    -477.89    1893.53    -925.86    -500.00
     -9999     -9999    259.200     14.285    -33.516    -45.000      0.000   -103.120
    4.6800         0    1815.95    -919.15    -479.00    1893.08    -927.81    -500.00
     -9999     -9999    316.800     14.292    -33.514    -45.000      0.000   -103.148
    4.6900         0    1819.58    -921.56    -480.11    1892.62    -929.75    -500.00
     -9999     -9999     14.400     14.299    -33.512    -45.000      0.000   -103.176
    4.7000         0    1823.22    -923.96    -481.23    1892.16    -931.70    -500.00
     -9999     -9999     72.000     14.306    -33.510    -45.000      0.000   -103.204
    4.7100         0    1826.86    -926.37    -482.34    1891.71    -933.65    -500.00
     -9999     -9999    129.600     14.314    -33.508    -45.000      0.000   -103.232
    4.7200         0    1830.49    -928.78    -483.45    1891.25    -935.60    -500.00
     -9999     -9999    187.200     14.321    -33.506    -45.000      0.000   -103.260
    4.7300         0    1834.13    -931.19    -484.56    1890.79    -937.54    -500.00
     -9999     -9999    244.800     14.328    -33.503    -45.000      0.000   -103.288
    4.7400         0    1837.76    -933.59    -485.68    1890.33    -939.49    -500.00
     -9999     -9999    302.400     14.335    -33.501    -45.000      0.000   -103.317
    4.7500         0    1841.40    -936.00    -486.79    1889.87    -941.43    -500.00
     -9999     -9999    360.000     14.342    -33.499    -45.000      0.000   -103.345
    4.7600         0    1845.03    -938.40    -487.91    1889.41    -943.38    -500.00
     -9999     -9999     57.600     14.349    -33.496    -45.000      0.000   -103.373
    4.7700         0    1848.67    -940.81    -489.02    1888.94    -945.33    -500.00
     -9999     -9999    115.200     14.357    -33.494    -45.000      0.000   -103.401
    4.7800         0    1852.30    -943.22    -490.14    1888.48    -947.27    -500.00
     -9999     -9999    172.800     14.364    -33.491    -45.000      0.000   -103.429
    4.7900         0    1855.94    -945.62    -491.26    1888.01    -949.22    -500.00
     -9999     -9999    230.400     14.371    -33.489    -45.000      0.000   -103.457
    4.8000         0    1859.58    -948.03    -492.37    1887.55    -951.16    -500.00
     -9999     -9999    288.000     14.378    -33.486    -45.000      0.000   -103.485
    4.8100         0    1863.21    -950.43    -493.49    1887.08    -953.11    -500.00
     -9999     -9999    345.600     14.385    -33.483    -45.000      0.000   -103.513
    4.8200         0    1866.85    -952.84    -494.61    1886.61    -955.05    -500.00
     -9999     -9999     43.200     14.393    -33.481    -45.000      0.000   -103.541
    4.8300         0    1870.48    -955.24    -495.73    1886.14    -957.00    -500.00
     -9999     -9999    100.800     14.400    -33.478    -45.000      0.000   -103.569
    4.8400         0    1874.12    -957.64    -496.85    1885.67    -958.94    -500.00
     -9999     -9999    158.400     14.407    -33.475    -45.000      0.000   -103.597
    4.8500         0    1877.75    -960.05    -497.97    1885.20    -960.88    -500.00
     -9999     -9999    216.000     14.415    -33.472    -45.000      0.000   -103.626
    4.8600         0    1881.39    -962.45    -499.09    1884.73    -962.83    -500.00
     -9999     -9999    273.600     14.422    -33.469    -45.000      0.000   -103.654
    4.8681         0    1884.33    -964.40    -500.00    1884.35    -964.40    -500.00
     -9999     -9999    320.256     14.428    -33.467    -45.000      0.000   -103.676
    4.8881        -1    1884.33    -964.40    -500.00    1884.35    -964.40    -500.00
     -9999     -9999    320.256     14.428    -33.467    -45.000      0.000   -103.676
