    0.0000         0       0.00      -0.00      -2.00    2000.00      -0.00    -500.00
     -9999     -9999      0.000     12.000    -10.000    -78.690      0.000    -90.000
    0.0100         0       4.33      -0.77      -2.94    2000.00      -2.00    -500.00
     -9999     -9999     57.600     12.007    -10.102    -78.690      0.000    -90.140
    0.0200         0       8.67      -1.54      -3.87    1999.99      -4.00    -500.00
     -9999     -9999    115.200     12.014    -10.204    -78.690      0.000    -90.281
    0.0300         0      13.00      -2.33      -4.81    1999.98      -6.00    -500.00
     -9999     -9999    172.800     12.021    -10.306    -78.690      0.000    -90.421
    0.0400         0      17.33      -3.12      -5.75    1999.96      -8.00    -500.00
     -9999     -9999    230.400     12.028    -10.408    -78.690      0.000    -90.562
    0.0500         0      21.66      -3.92      -6.68    1999.94     -10.00    -500.00
     -9999     -9999    288.000     12.035    -10.509    -78.690      0.000    -90.702
    0.0600         0      25.98      -4.72      -7.62    1999.91     -12.00    -500.00
     -9999     -9999    345.600     12.042    -10.611    -78.690      0.000    -90.843
    0.0700         0      30.31      -5.54      -8.56    1999.88     -14.00    -500.00
     -9999     -9999     43.200     12.049    -10.713    -78.690      0.000    -90.983
    0.0800         0      34.63      -6.36      -9.50    1999.84     -16.00    -500.00
     -9999     -9999    100.800     12.057    -10.815    -78.690      0.000    -91.124
    0.0900         0      38.95      -7.19     -10.44    1999.80     -18.00    -500.00
     -9999     -9999    158.400     12.064    -10.917    -78.690      0.000    -91.264
    0.1000         0      43.27      -8.03     -11.38    1999.75     -20.00    -500.00
     -9999     -9999    216.000     12.071    -11.019    -78.690      0.000    -91.405
    0.1100         0      47.59      -8.87     -12.32    1999.70     -22.00    -500.00
     -9999     -9999    273.600     12.079    -11.121    -78.690      0.000    -91.545
    0.1200         0      51.91      -9.72     -13.27    1999.65     -24.00    -500.00
     -9999     -9999    331.200     12.086    -11.222    -78.690      0.000    -91.686
    0.1300         0      56.22     -10.58     -14.21    1999.59     -26.00    -500.00
     -9999     -9999     28.800     12.094    -11.324    -78.690      0.000    -91.826
    0.1400         0      60.54     -11.45     -15.15    1999.52     -27.99    -500.00
     -9999     -9999     86.400     12.101    -11.426    -78.690      0.000    -91.967
    0.1500         0      64.85     -12.33     -16.10    1999.45     -29.99    -500.00
     -9999     -9999    144.000     12.109    -11.528    -78.690      0.000    -92.107
    0.1600         0      69.16     -13.21     -17.04    1999.37     -31.99    -500.00
     -9999     -9999    201.600     12.116    -11.630    -78.690      0.000    -92.248
    0.1700         0      73.47     -14.10     -17.98    1999.29     -33.99    -500.00
     -9999     -9999    259.200     12.124    -11.732    -78.690      0.000    -92.388
    0.1800         0      77.77     -15.00     -18.93    1999.21     -35.99    -500.00
     -9999     -9999    316.800     12.132    -11.834    -78.690      0.000    -92.528
    0.1900         0      82.08     -15.91     -19.88    1999.12     -37.99    -500.00
     -9999     -9999     14.400     12.140    -11.936    -78.690      0.000    -92.669
    0.2000         0      86.38     -16.82     -20.82    1999.02     -39.98    -500.00
     -9999     -9999     72.000     12.148    -12.037    -78.690      0.000    -92.809
    0.2100         0      90.68     -17.74     -21.77    1998.92     -41.98    -500.00
     -9999     -9999    129.600     12.156    -12.139    -78.690      0.000    -92.950
    0.2200         0      94.98     -18.67     -22.72    1998.81     -43.98    -500.00
     -9999     -9999    187.200     12.164    -12.241    -78.690      0.000    -93.090
    0.2300         0      99.28     -19.61     -23.67    1998.70     -45.98    -500.00
     -9999     -9999    244.800     12.172    -12.343    -78.690      0.000    -93.231
    0.2400         0     103.58     -20.55     -24.62    1998.59     -47.97    -500.00
     -9999     -9999    302.400     12.180    -12.445    -78.690      0.000    -93.371
    0.2500         0     107.87     -21.50     -25.57    1998.47     -49.97    -500.00
     -9999     -9999      0.000     12.188    -12.547    -78.690      0.000    -93.512
    0.2600         0     112.17     -22.46     -26.52    1998.34     -51.96    -500.00
     -9999     -9999     57.600     12.196    -12.648    -78.690      0.000    -93.652
    0.2700         0     116.46     -23.43     -27.47    1998.21     -53.96    -500.00
     -9999     -9999    115.200     12.205    -12.750    -78.690      0.000    -93.793
    0.2800         0     120.75     -24.40     -28.42    1998.08     -55.96    -500.00
     -9999     -9999    172.800     12.213    -12.852    -78.690      0.000    -93.933
    0.2900         0     125.03     -25.39     -29.37    1997.94     -57.95    -500.00
     -9999     -9999    230.400     12.221    -12.954    -78.690      0.000    -94.074
    0.3000         0     129.32     -26.38     -30.32    1997.79     -59.95    -500.00
     -9999     -9999    288.000     12.230    -13.056    -78.690      0.000    -94.214
    0.3100         0     133.60     -27.37     -31.28    1997.65     -61.94    -500.00
     -9999     -9999    345.600     12.238    -13.158    -78.690      0.000    -94.355
    0.3200         0     137.88     -28.38     -32.23    1997.49     -63.93    -500.00
     -9999     -9999     43.200     12.247    -13.260    -78.690      0.000    -94.495
    0.3300         0     142.16     -29.39     -33.19    1997.33     -65.93    -500.00
     -9999     -9999    100.800     12.256    -13.361    -78.690      0.000    -94.636
    0.3400         0     146.44     -30.41     -34.14    1997.17     -67.92    -500.00
     -9999     -9999    158.400     12.264    -13.463    -78.690      0.000    -94.776
    0.3500         0     150.71     -31.44     -35.10    1997.00     -69.91    -500.00
     -9999     -9999    216.000     12.273    -13.565    -78.690      0.000    -94.916
    0.3600         0     154.99     -32.47     -36.05    1996.82     -71.91    -500.00
     -9999     -9999    273.600     12.282    -13.667    -78.690      0.000    -95.057
    0.3700         0     159.26     -33.52     -37.01    1996.65     -73.90    -500.00
     -9999     -9999    331.200     12.291    -13.769    -78.690      0.000    -95.197
    0.3800         0     163.53     -34.57     -37.97    1996.46     -75.89    -500.00
     -9999     -9999     28.800     12.300    -13.870    -78.690      0.000    -95.338
    0.3900         0     167.80     -35.62     -38.93    1996.27     -77.88    -500.00
     -9999     -9999     86.400     12.309    -13.972    -78.690      0.000    -95.478
    0.4000         0     172.06     -36.69     -39.89    1996.08     -79.87    -500.00
     -9999     -9999    144.000     12.318    -14.074    -78.690      0.000    -95.619
    0.4100         0     176.33     -37.76     -40.85    1995.88     -81.86    -500.00
     -9999     -9999    201.600     12.327    -14.176    -78.690      0.000    -95.759
    0.4200         0     180.59     -38.84     -41.81    1995.68     -83.85    -500.00
     -9999     -9999    259.200     12.337    -14.278    -78.690      0.000    -95.900
    0.4300         0     184.85     -39.93     -42.77    1995.47     -85.84    -500.00
     -9999     -9999    316.800     12.346    -14.380    -78.690      0.000    -96.040
    0.4400         0     189.10     -41.03     -43.74    1995.26     -87.83    -500.00
     -9999     -9999     14.400     12.355    -14.481    -78.690      0.000    -96.181
    0.4500         0     193.36     -42.13     -44.70    1995.04     -89.82    -500.00
     -9999     -9999     72.000     12.365    -14.583    -78.690      0.000    -96.321
    0.4600         0     197.61     -43.24     -45.66    1994.82     -91.81    -500.00
     -9999     -9999    129.600     12.374    -14.685    -78.690      0.000    -96.462
    0.4700         0     201.86     -44.36     -46.63    1994.59     -93.79    -500.00
     -9999     -9999    187.200     12.384    -14.787    -78.690      0.000    -96.602
    0.4800         0     206.11     -45.48     -47.59    1994.36     -95.78    -500.00
     -9999     -9999    244.800     12.394    -14.889    -78.690      0.000    -96.743
    0.4900         0     210.36     -46.62     -48.56    1994.12     -97.76    -500.00
     -9999     -9999    302.400     12.403    -14.990    -78.690      0.000    -96.883
    0.5000         0     214.60     -47.76     -49.53    1993.88     -99.75    -500.00
     -9999     -9999      0.000     12.413    -15.092    -78.690      0.000    -97.023
    0.5100         0     218.84     -48.90     -50.49    1993.63    -101.73    -500.00
     -9999     -9999     57.600     12.423    -15.194    -78.690      0.000    -97.164
    0.5200         0     223.08     -50.06     -51.46    1993.38    -103.72    -500.00
     -9999     -9999    115.200     12.433    -15.296    -78.690      0.000    -97.304
    0.5300         0     227.32     -51.22     -52.43    1993.12    -105.70    -500.00
     -9999     -9999    172.800     12.443    -15.397    -78.690      0.000    -97.445
    0.5400         0     231.56     -52.39     -53.40    1992.86    -107.68    -500.00
     -9999     -9999    230.400     12.453    -15.499    -78.690      0.000    -97.585
    0.5500         0     235.79     -53.57     -54.37    1992.59    -109.67    -500.00
     -9999     -9999    288.000     12.464    -15.601    -78.690      0.000    -97.726
    0.5600         0     240.02     -54.76     -55.34    1992.32    -111.65    -500.00
     -9999     -9999    345.600     12.474    -15.703    -78.690      0.000    -97.866
    0.5700         0     244.25     -55.95     -56.32    1992.05    -113.63    -500.00
     -9999     -9999     43.200     12.484    -15.804    -78.690      0.000    -98.007
    0.5800         0     248.48     -57.15     -57.29    1991.77    -115.61    -500.00
     -9999     -9999    100.800     12.495    -15.906    -78.690      0.000    -98.147
    0.5900         0     252.70     -58.36     -58.26    1991.48    -117.59    -500.00
     -9999     -9999    158.400     12.505    -16.008    -78.690      0.000    -98.288
    0.6000         0     256.92     -59.57     -59.24    1991.19    -119.57    -500.00
     -9999     -9999    216.000     12.516    -16.110    -78.690      0.000    -98.428
    0.6100         0     261.14     -60.80     -60.21    1990.89    -121.55    -500.00
     -9999     -9999    273.600     12.527    -16.211    -78.690      0.000    -98.569
    0.6200         0     265.36     -62.03     -61.19    1990.59    -123.52    -500.00
     -9999     -9999    331.200     12.538    -16.313    -78.690      0.000    -98.709
    0.6300         0     269.57     -63.26     -62.17    1990.29    -125.50    -500.00
     -9999     -9999     28.800     12.548    -16.415    -78.690      0.000    -98.850
    0.6400         0     273.78     -64.51     -63.15    1989.98    -127.48    -500.00
     -9999     -9999     86.400     12.559    -16.517    -78.690      0.000    -98.990
    0.6500         0     277.99     -65.76     -64.12    1989.66    -129.45    -500.00
     -9999     -9999    144.000     12.570    -16.618    -78.690      0.000    -99.131
    0.6600         0     282.20     -67.02     -65.10    1989.34    -131.42    -500.00
     -9999     -9999    201.600     12.582    -16.720    -78.690      0.000    -99.271
    0.6700         0     286.41     -68.29     -66.08    1989.02    -133.40    -500.00
     -9999     -9999    259.200     12.593    -16.822    -78.690      0.000    -99.411
    0.6800         0     290.61     -69.56     -67.07    1988.69    -135.37    -500.00
     -9999     -9999    316.800     12.604    -16.923    -78.690      0.000    -99.552
    0.6900         0     294.81     -70.84     -68.05    1988.36    -137.34    -500.00
     -9999     -9999     14.400     12.616    -17.025    -78.690      0.000    -99.692
    0.7000         0     299.01     -72.13     -69.03    1988.02    -139.31    -500.00
     -9999     -9999     72.000     12.627    -17.127    -78.690      0.000    -99.833
    0.7100         0     303.20     -73.43     -70.02    1987.67    -141.28    -500.00
     -9999     -9999    129.600     12.639    -17.228    -78.690      0.000    -99.973
    0.7200         0     307.40     -74.73     -71.00    1987.32    -143.25    -500.00
     -9999     -9999    187.200     12.650    -17.330    -78.690      0.000   -100.114
    0.7300         0     311.59     -76.05     -71.99    1986.97    -145.22    -500.00
     -9999     -9999    244.800     12.662    -17.432    -78.690      0.000   -100.254
    0.7400         0     315.77     -77.37     -72.97    1986.61    -147.19    -500.00
     -9999     -9999    302.400     12.674    -17.533    -78.690      0.000   -100.395
    0.7500         0     319.96     -78.69     -73.96    1986.25    -149.16    -500.00
     -9999     -9999      0.000     12.686    -17.635    -78.690      0.000   -100.535
    0.7600         0     324.14     -80.03     -74.95    1985.88    -151.12    -500.00
     -9999     -9999     57.600     12.698    -17.737    -78.690      0.000   -100.676
    0.7700         0     328.32     -81.37     -75.94    1985.51    -153.09    -500.00
     -9999     -9999    115.200     12.710    -17.838    -78.690      0.000   -100.816
    0.7800         0     332.50     -82.71     -76.93    1985.13    -155.05    -500.00
     -9999     -9999    172.800     12.723    -17.940    -78.690      0.000   -100.957
    0.7900         0     336.67     -84.07     -77.92    1984.75    -157.01    -500.00
     -9999     -9999    230.400     12.735    -18.042    -78.690      0.000   -101.097
    0.8000         0     340.85     -85.43     -78.91    1984.36    -158.98    -500.00
     -9999     -9999    288.000     12.748    -18.143    -78.690      0.000   -101.238
    0.8100         0     345.01     -86.80     -79.91    1983.97    -160.94    -500.00
     -9999     -9999    345.600     12.760    -18.245    -78.690      0.000   -101.378
    0.8200         0     349.18     -88.18     -80.90    1983.57    -162.90    -500.00
     -9999     -9999     43.200     12.773    -18.346    -78.690      0.000   -101.519
    0.8300         0     353.35     -89.57     -81.90    1983.17    -164.86    -500.00
     -9999     -9999    100.800     12.786    -18.448    -78.690      0.000   -101.659
    0.8400         0     357.51     -90.96     -82.89    1982.76    -166.82    -500.00
     -9999     -9999    158.400     12.799    -18.549    -78.690      0.000   -101.799
    0.8500         0     361.67     -92.36     -83.89    1982.35    -168.77    -500.00
     -9999     -9999    216.000     12.812    -18.651    -78.690      0.000   -101.940
    0.8600         0     365.82     -93.77     -84.89    1981.93    -170.73    -500.00
     -9999     -9999    273.600     12.825    -18.753    -78.690      0.000   -102.080
    0.8700         0     369.98     -95.18     -85.89    1981.51    -172.68    -500.00
     -9999     -9999    331.200     12.838    -18.854    -78.690      0.000   -102.221
    0.8800         0     374.13     -96.60     -86.89    1981.09    -174.64    -500.00
     -9999     -9999     28.800     12.852    -18.956    -78.690      0.000   -102.361
    0.8900         0     378.27     -98.03     -87.89    1980.66    -176.59    -500.00
     -9999     -9999     86.400     12.865    -19.057    -78.690      0.000   -102.502
    0.9000         0     382.42     -99.47     -88.89    1980.22    -178.54    -500.00
     -9999     -9999    144.000     12.879    -19.159    -78.690      0.000   -102.642
    0.9100         0     386.56    -100.91     -89.90    1979.78    -180.49    -500.00
     -9999     -9999    201.600     12.892    -19.260    -78.690      0.000   -102.783
    0.9200         0     390.70    -102.36     -90.90    1979.34    -182.44    -500.00
     -9999     -9999    259.200     12.906    -19.362    -78.690      0.000   -102.923
    0.9300         0     394.84    -103.82     -91.91    1978.89    -184.39    -500.00
     -9999     -9999    316.800     12.920    -19.463    -78.690      0.000   -103.064
    0.9400         0     398.97    -105.28     -92.91    1978.43    -186.34    -500.00
     -9999     -9999     14.400     12.934    -19.565    -78.690      0.000   -103.204
    0.9500         0     403.10    -106.75     -93.92    1977.97    -188.29    -500.00
     -9999     -9999     72.000     12.949    -19.666    -78.690      0.000   -103.345
    0.9600         0     407.23    -108.23     -94.93    1977.51    -190.23    -500.00
     -9999     -9999    129.600     12.963    -19.767    -78.690      0.000   -103.485
    0.9700         0     411.36    -109.72     -95.94    1977.04    -192.18    -500.00
     -9999     -9999    187.200     12.977    -19.869    -78.690      0.000   -103.626
    0.9800         0     415.48    -111.22     -96.95    1976.57    -194.12    -500.00
     -9999     -9999    244.800     12.992    -19.970    -78.690      0.000   -103.766
    0.9900         0     419.60    -112.72     -97.96    1976.09    -196.06    -500.00
     -9999     -9999    302.400     13.007    -20.072    -78.690      0.000   -103.907
    1.0000         0     423.72    -114.22     -98.98    1975.61    -198.00    -500.00
     -9999     -9999      0.000     13.022    -20.172    -78.690      0.000   -104.047
    1.0100         0     427.83    -115.74     -99.99    1975.12    -199.94    -500.00
     -9999     -9999     57.600     13.036    -20.272    -78.690      0.000   -104.187
    1.0200         0     431.94    -117.26    -101.01    1974.63    -201.88    -500.00
     -9999     -9999    115.200     13.051    -20.372    -78.690      0.000   -104.328
    1.0300         0     436.05    -118.79    -102.02    1974.13    -203.82    -500.00
     -9999     -9999    172.800     13.066    -20.470    -78.690      0.000   -104.468
    1.0400         0     440.16    -120.33    -103.04    1973.63    -205.75    -500.00
     -9999     -9999    230.400     13.081    -20.569    -78.690      0.000   -104.609
    1.0500         0     444.26    -121.87    -104.06    1973.12    -207.69    -500.00
     -9999     -9999    288.000     13.096    -20.666    -78.690      0.000   -104.749
    1.0600         0     448.36    -123.42    -105.08    1972.61    -209.62    -500.00
     -9999     -9999    345.600     13.111    -20.763    -78.690      0.000   -104.890
    1.0700         0     452.45    -124.98    -106.10    1972.09    -211.55    -500.00
     -9999     -9999     43.200     13.126    -20.860    -78.690      0.000   -105.030
    1.0800         0     456.55    -126.54    -107.13    1971.57    -213.48    -500.00
     -9999     -9999    100.800     13.142    -20.955    -78.690      0.000   -105.171
    1.0900         0     460.64    -128.11    -108.15    1971.04    -215.41    -500.00
     -9999     -9999    158.400     13.157    -21.050    -78.690      0.000   -105.311
    1.1000         0     464.73    -129.69    -109.17    1970.51    -217.34    -500.00
     -9999     -9999    216.000     13.172    -21.145    -78.690      0.000   -105.452
    1.1100         0     468.81    -131.27    -110.20    1969.98    -219.27    -500.00
     -9999     -9999    273.600     13.187    -21.239    -78.690      0.000   -105.592
    1.1200         0     472.89    -132.87    -111.23    1969.44    -221.20    -500.00
     -9999     -9999    331.200     13.203    -21.332    -78.690      0.000   -105.733
    1.1300         0     476.97    -134.46    -112.26    1968.89    -223.12    -500.00
     -9999     -9999     28.800     13.218    -21.425    -78.690      0.000   -105.873
    1.1400         0     481.05    -136.07    -113.29    1968.35    -225.04    -500.00
     -9999     -9999     86.400     13.234    -21.517    -78.690      0.000   -106.014
    1.1500         0     485.12    -137.68    -114.32    1967.79    -226.96    -500.00
     -9999     -9999    144.000     13.249    -21.609    -78.690      0.000   -106.154
    1.1600         0     489.19    -139.29    -115.35    1967.23    -228.89    -500.00
     -9999     -9999    201.600     13.265    -21.700    -78.690      0.000   -106.295
    1.1700         0     493.26    -140.91    -116.38    1966.67    -230.80    -500.00
     -9999     -9999    259.200     13.281    -21.790    -78.690      0.000   -106.435
    1.1800         0     497.33    -142.54    -117.42    1966.10    -232.72    -500.00
     -9999     -9999    316.800     13.297    -21.880    -78.690      0.000   -106.575
    1.1900         0     501.39    -144.18    -118.45    1965.53    -234.64    -500.00
     -9999     -9999     14.400     13.312    -21.970    -78.690      0.000   -106.716
    1.2000         0     505.45    -145.82    -119.49    1964.95    -236.55    -500.00
     -9999     -9999     72.000     13.328    -22.058    -78.690      0.000   -106.856
    1.2100         0     509.51    -147.47    -120.53    1964.37    -238.47    -500.00
     -9999     -9999    129.600     13.344    -22.146    -78.690      0.000   -106.997
    1.2200         0     513.56    -149.12    -121.57    1963.78    -240.38    -500.00
     -9999     -9999    187.200     13.360    -22.234    -78.690      0.000   -107.137
    1.2300         0     517.61    -150.78    -122.61    1963.19    -242.29    -500.00
     -9999     -9999    244.800     13.376    -22.320    -78.690      0.000   -107.278
    1.2400         0     521.66    -152.45    -123.65    1962.59    -244.20    -500.00
     -9999     -9999    302.400     13.392    -22.407    -78.690      0.000   -107.418
    1.2500         0     525.71    -154.12    -124.69    1961.99    -246.11    -500.00
     -9999     -9999    360.000     13.409    -22.492    -78.690      0.000   -107.559
    1.2600         0     529.75    -155.80    -125.73    1961.39    -248.01    -500.00
     -9999     -9999     57.600     13.425    -22.577    -78.690      0.000   -107.699
    1.2700         0     533.79    -157.48    -126.78    1960.78    -249.92    -500.00
     -9999     -9999    115.200     13.441    -22.662    -78.690      0.000   -107.840
    1.2800         0     537.83    -159.17    -127.83    1960.16    -251.82    -500.00
     -9999     -9999    172.800     13.458    -22.746    -78.690      0.000   -107.980
    1.2900         0     541.86    -160.86    -128.87    1959.54    -253.72    -500.00
     -9999     -9999    230.400     13.474    -22.829    -78.690      0.000   -108.121
    1.3000         0     545.89    -162.56    -129.92    1958.92    -255.62    -500.00
     -9999     -9999    288.000     13.491    -22.912    -78.690      0.000   -108.261
    1.3100         0     549.92    -164.27    -130.97    1958.29    -257.52    -500.00
     -9999     -9999    345.600     13.507    -22.994    -78.690      0.000   -108.402
    1.3200         0     553.95    -165.98    -132.03    1957.65    -259.42    -500.00
     -9999     -9999     43.200     13.524    -23.075    -78.690      0.000   -108.542
    1.3300         0     557.97    -167.70    -133.08    1957.02    -261.31    -500.00
     -9999     -9999    100.800     13.541    -23.156    -78.690      0.000   -108.682
    1.3400         0     561.99    -169.42    -134.13    1956.37    -263.21    -500.00
     -9999     -9999    158.400     13.558    -23.236    -78.690      0.000   -108.823
    1.3500         0     566.01    -171.15    -135.19    1955.72    -265.10    -500.00
     -9999     -9999    216.000     13.575    -23.316    -78.690      0.000   -108.963
    1.3600         0     570.03    -172.89    -136.25    1955.07    -266.99    -500.00
     -9999     -9999    273.600     13.591    -23.395    -78.690      0.000   -109.104
    1.3700         0     574.04    -174.63    -137.30    1954.42    -268.88    -500.00
     -9999     -9999    331.200     13.609    -23.474    -78.690      0.000   -109.244
    1.3800         0     578.05    -176.37    -138.36    1953.75    -270.76    -500.00
     -9999     -9999     28.800     13.626    -23.552    -78.690      0.000   -109.385
    1.3900         0     582.06    -178.12    -139.42    1953.09    -272.65    -500.00
     -9999     -9999     86.400     13.643    -23.629    -78.690      0.000   -109.525
    1.4000         0     586.07    -179.88    -140.49    1952.42    -274.53    -500.00
     -9999     -9999    144.000     13.660    -23.706    -78.690      0.000   -109.666
    1.4100         0     590.07    -181.64    -141.55    1951.74    -276.42    -500.00
     -9999     -9999    201.600     13.677    -23.782    -78.690      0.000   -109.806
    1.4200         0     594.07    -183.40    -142.61    1951.06    -278.30    -500.00
     -9999     -9999    259.200     13.695    -23.857    -78.690      0.000   -109.947
    1.4300         0     598.06    -185.17    -143.68    1950.38    -280.18    -500.00
     -9999     -9999    316.800     13.712    -23.932    -78.690      0.000   -110.087
    1.4400         0     602.06    -186.95    -144.75    1949.69    -282.05    -500.00
     -9999     -9999     14.400     13.730    -24.007    -78.690      0.000   -110.228
    1.4500         0     606.05    -188.73    -145.82    1948.99    -283.93    -500.00
     -9999     -9999     72.000     13.748    -24.080    -78.690      0.000   -110.368
    1.4600         0     610.04    -190.52    -146.89    1948.30    -285.80    -500.00
     -9999     -9999    129.600     13.765    -24.154    -78.690      0.000   -110.509
    1.4700         0     614.03    -192.31    -147.96    1947.59    -287.68    -500.00
     -9999     -9999    187.200     13.783    -24.226    -78.690      0.000   -110.649
    1.4800         0     618.01    -194.10    -149.03    1946.89    -289.55    -500.00
     -9999     -9999    244.800     13.801    -24.298    -78.690      0.000   -110.790
    1.4900         0     621.99    -195.90    -150.10    1946.17    -291.42    -500.00
     -9999     -9999    302.400     13.819    -24.370    -78.690      0.000   -110.930
    1.5000         0     625.97    -197.71    -151.18    1945.46    -293.28    -500.00
     -9999     -9999    360.000     13.837    -24.440    -78.690      0.000   -111.070
    1.5100         0     629.95    -199.52    -152.26    1944.74    -295.15    -500.00
     -9999     -9999     57.600     13.855    -24.511    -78.690      0.000   -111.211
    1.5200         0     633.92    -201.33    -153.34    1944.01    -297.01    -500.00
     -9999     -9999    115.200     13.873    -24.580    -78.690      0.000   -111.351
    1.5300         0     637.89    -203.15    -154.41    1943.28    -298.87    -500.00
     -9999     -9999    172.800     13.892    -24.649    -78.690      0.000   -111.492
    1.5400         0     641.86    -204.98    -155.50    1942.54    -300.73    -500.00
     -9999     -9999    230.400     13.910    -24.718    -78.690      0.000   -111.632
    1.5500         0     645.83    -206.81    -156.58    1941.80    -302.59    -500.00
     -9999     -9999    288.000     13.929    -24.786    -78.690      0.000   -111.773
    1.5600         0     649.79    -208.64    -157.66    1941.06    -304.45    -500.00
     -9999     -9999    345.600     13.947    -24.853    -78.690      0.000   -111.913
    1.5700         0     653.76    -210.48    -158.75    1940.31    -306.30    -500.00
     -9999     -9999     43.200     13.966    -24.919    -78.690      0.000   -112.054
    1.5800         0     657.72    -212.32    -159.83    1939.56    -308.16    -500.00
     -9999     -9999    100.800     13.984    -24.986    -78.690      0.000   -112.194
    1.5900         0     661.67    -214.17    -160.92    1938.80    -310.01    -500.00
     -9999     -9999    158.400     14.003    -25.051    -78.690      0.000   -112.335
    1.6000         0     665.63    -216.02    -162.01    1938.04    -311.86    -500.00
     -9999     -9999    216.000     14.022    -25.116    -78.690      0.000   -112.475
    1.6100         0     669.58    -217.87    -163.10    1937.27    -313.70    -500.00
     -9999     -9999    273.600     14.041    -25.180    -78.690      0.000   -112.616
    1.6200         0     673.53    -219.73    -164.20    1936.50    -315.55    -500.00
     -9999     -9999    331.200     14.060    -25.244    -78.690      0.000   -112.756
    1.6300         0     677.47    -221.60    -165.29    1935.72    -317.39    -500.00
     -9999     -9999     28.800     14.079    -25.307    -78.690      0.000   -112.897
    1.6400         0     681.42    -223.46    -166.39    1934.94    -319.23    -500.00
     -9999     -9999     86.400     14.099    -25.369    -78.690      0.000   -113.037
    1.6500         0     685.36    -225.34    -167.48    1934.16    -321.07    -500.00
     -9999     -9999    144.000     14.118    -25.431    -78.690      0.000   -113.178
    1.6600         0     689.30    -227.21    -168.58    1933.37    -322.91    -500.00
     -9999     -9999    201.600     14.137    -25.493    -78.690      0.000   -113.318
    1.6700         0     693.24    -229.09    -169.68    1932.58    -324.75    -500.00
     -9999     -9999    259.200     14.157    -25.553    -78.690      0.000   -113.458
    1.6800         0     697.18    -230.98    -170.78    1931.78    -326.58    -500.00
     -9999     -9999    316.800     14.176    -25.613    -78.690      0.000   -113.599
    1.6900         0     701.11    -232.86    -171.88    1930.97    -328.41    -500.00
     -9999     -9999     14.400     14.196    -25.673    -78.690      0.000   -113.739
    1.7000         0     705.04    -234.76    -172.99    1930.17    -330.24    -500.00
     -9999     -9999     72.000     14.216    -25.732    -78.690      0.000   -113.880
    1.7100         0     708.97    -236.65    -174.09    1929.35    -332.07    -500.00
     -9999     -9999    129.600     14.236    -25.790    -78.690      0.000   -114.020
    1.7200         0     712.89    -238.55    -175.20    1928.54    -333.90    -500.00
     -9999     -9999    187.200     14.256    -25.848    -78.690      0.000   -114.161
    1.7300         0     716.82    -240.45    -176.31    1927.72    -335.72    -500.00
     -9999     -9999    244.800     14.276    -25.905    -78.690      0.000   -114.301
    1.7400         0     720.74    -242.36    -177.42    1926.89    -337.54    -500.00
     -9999     -9999    302.400     14.296    -25.962    -78.690      0.000   -114.442
    1.7500         0     724.66    -244.27    -178.53    1926.06    -339.36    -500.00
     -9999     -9999    360.000     14.316    -26.017    -78.690      0.000   -114.582
    1.7600         0     728.58    -246.19    -179.65    1925.23    -341.18    -500.00
     -9999     -9999     57.600     14.337    -26.073    -78.690      0.000   -114.723
    1.7700         0     732.49    -248.11    -180.76    1924.39    -342.99    -500.00
     -9999     -9999    115.200     14.357    -26.127    -78.690      0.000   -114.863
    1.7800         0     736.40    -250.03    -181.88    1923.55    -344.81    -500.00
     -9999     -9999    172.800     14.378    -26.182    -78.690      0.000   -115.004
    1.7900         0     740.31    -251.95    -183.00    1922.70    -346.62    -500.00
     -9999     -9999    230.400     14.398    -26.235    -78.690      0.000   -115.144
    1.8000         0     744.22    -253.88    -184.12    1921.85    -348.43    -500.00
     -9999     -9999    288.000     14.419    -26.288    -78.690      0.000   -115.285
    1.8100         0     748.13    -255.81    -185.24    1920.99    -350.24    -500.00
     -9999     -9999    345.600     14.440    -26.340    -78.690      0.000   -115.425
    1.8200         0     752.03    -257.75    -186.36    1920.13    -352.04    -500.00
     -9999     -9999     43.200     14.461    -26.392    -78.690      0.000   -115.566
    1.8300         0     755.94    -259.69    -187.49    1919.26    -353.84    -500.00
     -9999     -9999    100.800     14.482    -26.443    -78.690      0.000   -115.706
    1.8400         0     759.84    -261.63    -188.61    1918.39    -355.65    -500.00
     -9999     -9999    158.400     14.503    -26.494    -78.690      0.000   -115.846
    1.8500         0     763.73    -263.57    -189.74    1917.52    -357.44    -500.00
     -9999     -9999    216.000     14.524    -26.544    -78.690      0.000   -115.987
    1.8600         0     767.63    -265.52    -190.87    1916.64    -359.24    -500.00
     -9999     -9999    273.600     14.545    -26.593    -78.690      0.000   -116.127
    1.8700         0     771.52    -267.47    -192.00    1915.76    -361.04    -500.00
     -9999     -9999    331.200     14.567    -26.642    -78.690      0.000   -116.268
    1.8800         0     775.42    -269.43    -193.13    1914.87    -362.83    -500.00
     -9999     -9999     28.800     14.588    -26.690    -78.690      0.000   -116.408
    1.8900         0     779.31    -271.38    -194.27    1913.98    -364.62    -500.00
     -9999     -9999     86.400     14.610    -26.737    -78.690      0.000   -116.549
    1.9000         0     783.19    -273.35    -195.40    1913.08    -366.41    -500.00
     -9999     -9999    144.000     14.632    -26.784    -78.690      0.000   -116.689
    1.9100         0     787.08    -275.31    -196.54    1912.18    -368.19    -500.00
     -9999     -9999    201.600     14.654    -26.830    -78.690      0.000   -116.830
    1.9200         0     790.96    -277.28    -197.68    1911.28    -369.98    -500.00
     -9999     -9999    259.200     14.675    -26.876    -78.690      0.000   -116.970
    1.9300         0     794.85    -279.24    -198.82    1910.37    -371.76    -500.00
     -9999     -9999    316.800     14.698    -26.921    -78.690      0.000   -117.111
    1.9400         0     798.73    -281.22    -199.96    1909.46    -373.54    -500.00
     -9999     -9999     14.400     14.720    -26.965    -78.690      0.000   -117.251
    1.9500         0     802.60    -283.19    -201.11    1908.54    -375.31    -500.00
     -9999     -9999     72.000     14.742    -27.009    -78.690      0.000   -117.392
    1.9600         0     806.48    -285.17    -202.25    1907.62    -377.09    -500.00
     -9999     -9999    129.600     14.764    -27.052    -78.690      0.000   -117.532
    1.9700         0     810.36    -287.15    -203.40    1906.69    -378.86    -500.00
     -9999     -9999    187.200     14.787    -27.095    -78.690      0.000   -117.673
    1.9800         0     814.23    -289.13    -204.55    1905.76    -380.63    -500.00
     -9999     -9999    244.800     14.809    -27.137    -78.690      0.000   -117.813
    1.9900         0     818.10    -291.12    -205.70    1904.82    -382.40    -500.00
     -9999     -9999    302.400     14.832    -27.178    -78.690      0.000   -117.954
    2.0000         0     821.97    -293.11    -206.85    1903.88    -384.16    -500.00
     -9999     -9999    360.000     14.855    -27.219    -78.690      0.000   -118.094
    2.0100         0     825.83    -295.10    -208.01    1902.94    -385.93    -500.00
     -9999     -9999     57.600     14.878    -27.259    -78.690      0.000   -118.234
    2.0200         0     829.70    -297.09    -209.16    1901.99    -387.69    -500.00
     -9999     -9999    115.200     14.901    -27.299    -78.690      0.000   -118.375
    2.0300         0     833.56    -299.09    -210.32    1901.04    -389.45    -500.00
     -9999     -9999    172.800     14.924    -27.338    -78.690      0.000   -118.515
    2.0400         0     837.42    -301.08    -211.48    1900.08    -391.20    -500.00
     -9999     -9999    230.400     14.947    -27.376    -78.690      0.000   -118.656
    2.0500         0     841.28    -303.08    -212.64    1899.12    -392.96    -500.00
     -9999     -9999    288.000     14.970    -27.414    -78.690      0.000   -118.796
    2.0600         0     845.14    -305.09    -213.81    1898.15    -394.71    -500.00
     -9999     -9999    345.600     14.994    -27.451    -78.690      0.000   -118.937
    2.0700         0     849.00    -307.09    -214.97    1897.18    -396.46    -500.00
     -9999     -9999     43.200     15.017    -27.487    -78.690      0.000   -119.077
    2.0800         0     852.85    -309.10    -216.14    1896.21    -398.20    -500.00
     -9999     -9999    100.800     15.041    -27.523    -78.690      0.000   -119.218
    2.0900         0     856.71    -311.11    -217.31    1895.23    -399.95    -500.00
     -9999     -9999    158.400     15.065    -27.558    -78.690      0.000   -119.358
    2.1000         0     860.56    -313.12    -218.48    1894.25    -401.69    -500.00
     -9999     -9999    216.000     15.089    -27.593    -78.690      0.000   -119.499
    2.1100         0     864.41    -315.13    -219.65    1893.26    -403.43    -500.00
     -9999     -9999    273.600     15.113    -27.627    -78.690      0.000   -119.639
    2.1200         0     868.26    -317.15    -220.82    1892.27    -405.17    -500.00
     -9999     -9999    331.200     15.137    -27.660    -78.690      0.000   -119.780
    2.1300         0     872.10    -319.17    -222.00    1891.28    -406.90    -500.00
     -9999     -9999     28.800     15.161    -27.693    -78.690      0.000   -119.920
    2.1400         0     875.95    -321.19    -223.18    1890.28    -408.63    -500.00
     -9999     -9999     86.400     15.185    -27.725    -78.690      0.000   -120.061
    2.1500         0     879.79    -323.21    -224.36    1889.27    -410.36    -500.00
     -9999     -9999    144.000     15.210    -27.756    -78.690      0.000   -120.201
    2.1600         0     883.63    -325.23    -225.54    1888.26    -412.09    -500.00
     -9999     -9999    201.600     15.234    -27.787    -78.690      0.000   -120.342
    2.1700         0     887.47    -327.26    -226.72    1887.25    -413.81    -500.00
     -9999     -9999    259.200     15.259    -27.817    -78.690      0.000   -120.482
    2.1800         0     891.31    -329.28    -227.91    1886.23    -415.54    -500.00
     -9999     -9999    316.800     15.284    -27.847    -78.690      0.000   -120.622
    2.1900         0     895.15    -331.31    -229.10    1885.21    -417.26    -500.00
     -9999     -9999     14.400     15.309    -27.875    -78.690      0.000   -120.763
    2.2000         0     898.99    -333.34    -230.28    1884.19    -418.97    -500.00
     -9999     -9999     72.000     15.334    -27.904    -78.690      0.000   -120.903
    2.2100         0     902.82    -335.37    -231.48    1883.16    -420.69    -500.00
     -9999     -9999    129.600     15.359    -27.931    -78.690      0.000   -121.044
    2.2200         0     906.65    -337.41    -232.67    1882.13    -422.40    -500.00
     -9999     -9999    187.200     15.384    -27.958    -78.690      0.000   -121.184
    2.2300         0     910.49    -339.44    -233.86    1881.09    -424.11    -500.00
     -9999     -9999    244.800     15.409    -27.985    -78.690      0.000   -121.325
    2.2400         0     914.32    -341.48    -235.06    1880.05    -425.82    -500.00
     -9999     -9999    302.400     15.435    -28.010    -78.690      0.000   -121.465
    2.2500         0     918.15    -343.52    -236.26    1879.00    -427.52    -500.00
     -9999     -9999    360.000     15.461    -28.035    -78.690      0.000   -121.606
    2.2600         0     921.97    -345.55    -237.46    1877.95    -429.23    -500.00
     -9999     -9999     57.600     15.486    -28.060    -78.690      0.000   -121.746
    2.2700         0     925.80    -347.60    -238.66    1876.90    -430.92    -500.00
     -9999     -9999    115.200     15.512    -28.084    -78.690      0.000   -121.887
    2.2800         0     929.62    -349.64    -239.87    1875.84    -432.62    -500.00
     -9999     -9999    172.800     15.538    -28.107    -78.690      0.000   -122.027
    2.2900         0     933.45    -351.68    -241.07    1874.77    -434.32    -500.00
     -9999     -9999    230.400     15.564    -28.129    -78.690      0.000   -122.168
    2.3000         0     937.27    -353.72    -242.28    1873.71    -436.01    -500.00
     -9999     -9999    288.000     15.590    -28.151    -78.690      0.000   -122.308
    2.3100         0     941.09    -355.77    -243.49    1872.64    -437.70    -500.00
     -9999     -9999    345.600     15.617    -28.172    -78.690      0.000   -122.449
    2.3200         0     944.91    -357.82    -244.70    1871.56    -439.38    -500.00
     -9999     -9999     43.200     15.643    -28.193    -78.690      0.000   -122.589
    2.3300         0     948.73    -359.86    -245.92    1870.48    -441.07    -500.00
     -9999     -9999    100.800     15.670    -28.213    -78.690      0.000   -122.729
    2.3400         0     952.55    -361.91    -247.13    1869.40    -442.75    -500.00
     -9999     -9999    158.400     15.696    -28.232    -78.690      0.000   -122.870
    2.3500         0     956.36    -363.96    -248.35    1868.31    -444.43    -500.00
     -9999     -9999    216.000     15.723    -28.251    -78.690      0.000   -123.010
    2.3600         0     960.18    -366.01    -249.57    1867.22    -446.10    -500.00
     -9999     -9999    273.600     15.750    -28.268    -78.690      0.000   -123.151
    2.3700         0     963.99    -368.07    -250.80    1866.12    -447.78    -500.00
     -9999     -9999    331.200     15.777    -28.286    -78.690      0.000   -123.291
    2.3800         0     967.81    -370.12    -252.02    1865.02    -449.45    -500.00
     -9999     -9999     28.800     15.804    -28.302    -78.690      0.000   -123.432
    2.3900         0     971.62    -372.17    -253.25    1863.92    -451.11    -500.00
     -9999     -9999     86.400     15.832    -28.318    -78.690      0.000   -123.572
    2.4000         0     975.43    -374.23    -254.48    1862.81    -452.78    -500.00
     -9999     -9999    144.000     15.859    -28.334    -78.690      0.000   -123.713
    2.4100         0     979.24    -376.28    -255.71    1861.70    -454.44    -500.00
     -9999     -9999    201.600     15.887    -28.348    -78.690      0.000   -123.853
    2.4200         0     983.05    -378.34    -256.94    1860.58    -456.10    -500.00
     -9999     -9999    259.200     15.914    -28.362    -78.690      0.000   -123.994
    2.4300         0     986.85    -380.39    -258.17    1859.46    -457.76    -500.00
     -9999     -9999    316.800     15.942    -28.375    -78.690      0.000   -124.134
    2.4400         0     990.66    -382.45    -259.41    1858.34    -459.41    -500.00
     -9999     -9999     14.400     15.970    -28.388    -78.690      0.000   -124.275
    2.4500         0     994.47    -384.51    -260.65    1857.21    -461.06    -500.00
     -9999     -9999     72.000     15.998    -28.400    -78.690      0.000   -124.415
    2.4600         0     998.27    -386.56    -261.89    1856.08    -462.71    -500.00
     -9999     -9999    129.600     16.027    -28.411    -78.690      0.000   -124.556
    2.4700         0    1002.07    -388.62    -263.13    1854.94    -464.36    -500.00
     -9999     -9999    187.200     16.055    -28.422    -78.690      0.000   -124.696
    2.4800         0    1005.88    -390.68    -264.38    1853.80    -466.00    -500.00
     -9999     -9999    244.800     16.083    -28.432    -78.690      0.000   -124.837
    2.4900         0    1009.68    -392.74    -265.63    1852.66    -467.64    -500.00
     -9999     -9999    302.400     16.112    -28.441    -78.690      0.000   -124.977
    2.5000         0    1013.48    -394.80    -266.88    1851.51    -469.28    -500.00
     -9999     -9999    360.000     16.141    -28.449    -78.690      0.000   -125.117
    2.5100         0    1017.28    -396.86    -268.13    1850.36    -470.91    -500.00
     -9999     -9999     57.600     16.169    -28.457    -78.690      0.000   -125.258
    2.5200         0    1021.08    -398.92    -269.38    1849.20    -472.54    -500.00
     -9999     -9999    115.200     16.198    -28.464    -78.690      0.000   -125.398
    2.5300         0    1024.88    -400.98    -270.64    1848.04    -474.17    -500.00
     -9999     -9999    172.800     16.228    -28.471    -78.690      0.000   -125.539
    2.5400         0    1028.68    -403.04    -271.90    1846.87    -475.80    -500.00
     -9999     -9999    230.400     16.257    -28.477    -78.690      0.000   -125.679
    2.5500         0    1032.47    -405.10    -273.16    1845.71    -477.42    -500.00
     -9999     -9999    288.000     16.286    -28.482    -78.690      0.000   -125.820
    2.5600         0    1036.27    -407.16    -274.42    1844.53    -479.04    -500.00
     -9999     -9999    345.600     16.316    -28.486    -78.690      0.000   -125.960
    2.5700         0    1040.06    -409.22    -275.69    1843.36    -480.66    -500.00
     -9999     -9999     43.200     16.345    -28.490    -78.690      0.000   -126.101
    2.5800         0    1043.86    -411.27    -276.96    1842.18    -482.27    -500.00
     -9999     -9999    100.800     16.375    -28.493    -78.690      0.000   -126.241
    2.5900         0    1047.65    -413.33    -278.23    1840.99    -483.89    -500.00
     -9999     -9999    158.400     16.405    -28.495    -78.690      0.000   -126.382
    2.6000         0    1051.45    -415.39    -279.50    1839.80    -485.49    -500.00
     -9999     -9999    216.000     16.435    -28.497    -78.690      0.000   -126.522
    2.6100         0    1055.24    -417.45    -280.77    1838.61    -487.10    -500.00
     -9999     -9999    273.600     16.465    -28.498    -78.690      0.000   -126.663
    2.6200         0    1059.03    -419.51    -282.05    1837.42    -488.70    -500.00
     -9999     -9999    331.200     16.495    -28.498    -78.690      0.000   -126.803
    2.6300         0    1062.82    -421.57    -283.33    1836.22    -490.30    -500.00
     -9999     -9999     28.800     16.526    -28.497    -78.690      0.000   -126.944
    2.6400         0    1066.61    -423.63    -284.61    1835.01    -491.90    -500.00
     -9999     -9999     86.400     16.556    -28.496    -78.690      0.000   -127.084
    2.6500         0    1070.41    -425.69    -285.89    1833.80    -493.49    -500.00
     -9999     -9999    144.000     16.587    -28.494    -78.690      0.000   -127.225
    2.6600         0    1074.20    -427.74    -287.18    1832.59    -495.08    -500.00
     -9999     -9999    201.600     16.618    -28.491    -78.690      0.000   -127.365
    2.6700         0    1077.99    -429.80    -288.47    1831.38    -496.67    -500.00
     -9999     -9999    259.200     16.649    -28.488    -78.690      0.000   -127.505
    2.6800         0    1081.77    -431.86    -289.76    1830.16    -498.26    -500.00
     -9999     -9999    316.800     16.680    -28.484    -78.690      0.000   -127.646
    2.6900         0    1085.56    -433.91    -291.05    1828.93    -499.84    -500.00
     -9999     -9999     14.400     16.711    -28.479    -78.690      0.000   -127.786
    2.7000         0    1089.35    -435.97    -292.34    1827.71    -501.42    -500.00
     -9999     -9999     72.000     16.742    -28.474    -78.690      0.000   -127.927
    2.7100         0    1093.14    -438.02    -293.64    1826.47    -503.00    -500.00
     -9999     -9999    129.600     16.774    -28.467    -78.690      0.000   -128.067
    2.7200         0    1096.93    -440.07    -294.94    1825.24    -504.57    -500.00
     -9999     -9999    187.200     16.805    -28.460    -78.690      0.000   -128.208
    2.7300         0    1100.71    -442.13    -296.24    1824.00    -506.14    -500.00
     -9999     -9999    244.800     16.837    -28.453    -78.690      0.000   -128.348
    2.7400         0    1104.50    -444.18    -297.55    1822.76    -507.71    -500.00
     -9999     -9999    302.400     16.869    -28.444    -78.690      0.000   -128.489
    2.7500         0    1108.29    -446.23    -298.86    1821.51    -509.27    -500.00
     -9999     -9999    360.000     16.901    -28.435    -78.690      0.000   -128.629
    2.7600         0    1112.07    -448.28    -300.17    1820.26    -510.83    -500.00
     -9999     -9999     57.600     16.933    -28.425    -78.690      0.000   -128.770
    2.7700         0    1115.86    -450.33    -301.48    1819.01    -512.39    -500.00
     -9999     -9999    115.200     16.966    -28.414    -78.690      0.000   -128.910
    2.7800         0    1119.64    -452.37    -302.79    1817.75    -513.94    -500.00
     -9999     -9999    172.800     16.998    -28.403    -78.690      0.000   -129.051
    2.7900         0    1123.43    -454.42    -304.11    1816.49    -515.49    -500.00
     -9999     -9999    230.400     17.031    -28.391    -78.690      0.000   -129.191
    2.8000         0    1127.21    -456.47    -305.43    1815.22    -517.04    -500.00
     -9999     -9999    288.000     17.063    -28.378    -78.690      0.000   -129.332
    2.8100         0    1131.00    -458.51    -306.75    1813.95    -518.59    -500.00
     -9999     -9999    345.600     17.096    -28.364    -78.690      0.000   -129.472
    2.8200         0    1134.78    -460.55    -308.07    1812.68    -520.13    -500.00
     -9999     -9999     43.200     17.129    -28.349    -78.690      0.000   -129.613
    2.8300         0    1138.57    -462.59    -309.40    1811.40    -521.67    -500.00
     -9999     -9999    100.800     17.162    -28.334    -78.690      0.000   -129.753
    2.8400         0    1142.35    -464.63    -310.73    1810.12    -523.21    -500.00
     -9999     -9999    158.400     17.196    -28.318    -78.690      0.000   -129.893
    2.8500         0    1146.14    -466.67    -312.06    1808.83    -524.74    -500.00
     -9999     -9999    216.000     17.229    -28.301    -78.690      0.000   -130.034
    2.8600         0    1149.92    -468.71    -313.39    1807.55    -526.27    -500.00
     -9999     -9999    273.600     17.263    -28.284    -78.690      0.000   -130.174
    2.8700         0    1153.71    -470.75    -314.73    1806.25    -527.80    -500.00
     -9999     -9999    331.200     17.296    -28.265    -78.690      0.000   -130.315
    2.8800         0    1157.49    -472.78    -316.07    1804.96    -529.32    -500.00
     -9999     -9999     28.800     17.330    -28.246    -78.690      0.000   -130.455
    2.8900         0    1161.27    -474.81    -317.41    1803.66    -530.84    -500.00
     -9999     -9999     86.400     17.364    -28.227    -78.690      0.000   -130.596
    2.9000         0    1165.06    -476.84    -318.76    1802.36    -532.36    -500.00
     -9999     -9999    144.000     17.398    -28.206    -78.690      0.000   -130.736
    2.9100         0    1168.84    -478.87    -320.10    1801.05    -533.87    -500.00
     -9999     -9999    201.600     17.432    -28.184    -78.690      0.000   -130.877
    2.9200         0    1172.63    -480.90    -321.45    1799.74    -535.38    -500.00
     -9999     -9999    259.200     17.467    -28.162    -78.690      0.000   -131.017
    2.9300         0    1176.41    -482.92    -322.80    1798.42    -536.89    -500.00
     -9999     -9999    316.800     17.501    -28.139    -78.690      0.000   -131.158
    2.9400         0    1180.20    -484.95    -324.16    1797.11    -538.39    -500.00
     -9999     -9999     14.400     17.536    -28.115    -78.690      0.000   -131.298
    2.9500         0    1183.98    -486.97    -325.52    1795.78    -539.89    -500.00
     -9999     -9999     72.000     17.571    -28.091    -78.690      0.000   -131.439
    2.9600         0    1187.76    -488.99    -326.88    1794.46    -541.39    -500.00
     -9999     -9999    129.600     17.606    -28.065    -78.690      0.000   -131.579
    2.9700         0    1191.55    -491.00    -328.24    1793.13    -542.88    -500.00
     -9999     -9999    187.200     17.641    -28.039    -78.690      0.000   -131.720
    2.9800         0    1195.34    -493.02    -329.60    1791.80    -544.38    -500.00
     -9999     -9999    244.800     17.676    -28.012    -78.690      0.000   -131.860
    2.9900         0    1199.12    -495.03    -330.97    1790.46    -545.86    -500.00
     -9999     -9999    302.400     17.712    -27.984    -78.690      0.000   -132.001
    3.0000         0    1202.91    -497.04    -332.34    1789.12    -547.35    -500.00
     -9999     -9999    360.000     17.747    -27.955    -78.690      0.000   -132.141
    3.0100         0    1206.69    -499.05    -333.71    1787.78    -548.83    -500.00
     -9999     -9999     57.600     17.783    -27.926    -78.690      0.000   -132.281
    3.0200         0    1210.48    -501.05    -335.09    1786.43    -550.31    -500.00
     -9999     -9999    115.200     17.818    -27.895    -78.690      0.000   -132.422
    3.0300         0    1214.26    -503.06    -336.47    1785.08    -551.78    -500.00
     -9999     -9999    172.800     17.854    -27.864    -78.690      0.000   -132.562
    3.0400         0    1218.05    -505.06    -337.85    1783.72    -553.25    -500.00
     -9999     -9999    230.400     17.891    -27.832    -78.690      0.000   -132.703
    3.0500         0    1221.84    -507.06    -339.23    1782.36    -554.72    -500.00
     -9999     -9999    288.000     17.927    -27.799    -78.690      0.000   -132.843
    3.0600         0    1225.63    -509.05    -340.62    1781.00    -556.19    -500.00
     -9999     -9999    345.600     17.963    -27.766    -78.690      0.000   -132.984
    3.0700         0    1229.41    -511.04    -342.01    1779.64    -557.65    -500.00
     -9999     -9999     43.200     18.000    -27.731    -78.690      0.000   -133.124
    3.0800         0    1233.20    -513.03    -343.40    1778.27    -559.11    -500.00
     -9999     -9999    100.800     18.036    -27.696    -78.690      0.000   -133.265
    3.0900         0    1236.99    -515.02    -344.80    1776.90    -560.56    -500.00
     -9999     -9999    158.400     18.073    -27.659    -78.690      0.000   -133.405
    3.1000         0    1240.78    -517.01    -346.19    1775.52    -562.01    -500.00
     -9999     -9999    216.000     18.110    -27.622    -78.690      0.000   -133.546
    3.1100         0    1244.57    -518.99    -347.59    1774.14    -563.46    -500.00
     -9999     -9999    273.600     18.147    -27.584    -78.690      0.000   -133.686
    3.1200         0    1248.36    -520.97    -349.00    1772.76    -564.91    -500.00
     -9999     -9999    331.200     18.184    -27.545    -78.690      0.000   -133.827
    3.1300         0    1252.15    -522.94    -350.40    1771.37    -566.35    -500.00
     -9999     -9999     28.800     18.222    -27.506    -78.690      0.000   -133.967
    3.1400         0    1255.94    -524.91    -351.81    1769.98    -567.78    -500.00
     -9999     -9999     86.400     18.259    -27.465    -78.690      0.000   -134.108
    3.1500         0    1259.74    -526.88    -353.22    1768.59    -569.22    -500.00
     -9999     -9999    144.000     18.297    -27.424    -78.690      0.000   -134.248
    3.1600         0    1263.53    -528.85    -354.64    1767.19    -570.65    -500.00
     -9999     -9999    201.600     18.335    -27.381    -78.690      0.000   -134.388
    3.1700         0    1267.32    -530.81    -356.05    1765.79    -572.08    -500.00
     -9999     -9999    259.200     18.372    -27.338    -78.690      0.000   -134.529
    3.1800         0    1271.12    -532.77    -357.47    1764.38    -573.50    -500.00
     -9999     -9999    316.800     18.411    -27.294    -78.690      0.000   -134.669
    3.1900         0    1274.91    -534.73    -358.90    1762.98    -574.92    -500.00
     -9999     -9999     14.400     18.449    -27.249    -78.690      0.000   -134.810
    3.2000         0    1278.71    -536.68    -360.32    1761.57    -576.34    -500.00
     -9999     -9999     72.000     18.487    -27.203    -78.690      0.000   -134.950
    3.2100         0    1282.50    -538.63    -361.75    1760.15    -577.75    -500.00
     -9999     -9999    129.600     18.526    -27.156    -78.690      0.000   -135.091
    3.2200         0    1286.30    -540.58    -363.18    1758.73    -579.16    -500.00
     -9999     -9999    187.200     18.564    -27.108    -78.690      0.000   -135.231
    3.2300         0    1290.10    -542.52    -364.61    1757.31    -580.57    -500.00
     -9999     -9999    244.800     18.603    -27.059    -78.690      0.000   -135.372
    3.2400         0    1293.89    -544.46    -366.05    1755.89    -581.97    -500.00
     -9999     -9999    302.400     18.642    -27.009    -78.690      0.000   -135.512
    3.2500         0    1297.69    -546.39    -367.49    1754.46    -583.37    -500.00
     -9999     -9999    360.000     18.681    -26.959    -78.690      0.000   -135.653
    3.2600         0    1301.49    -548.32    -368.93    1753.02    -584.77    -500.00
     -9999     -9999     57.600     18.720    -26.907    -78.690      0.000   -135.793
    3.2700         0    1305.30    -550.25    -370.38    1751.59    -586.16    -500.00
     -9999     -9999    115.200     18.759    -26.855    -78.690      0.000   -135.934
    3.2800         0    1309.10    -552.17    -371.83    1750.15    -587.55    -500.00
     -9999     -9999    172.800     18.799    -26.801    -78.690      0.000   -136.074
    3.2900         0    1312.90    -554.09    -373.28    1748.71    -588.94    -500.00
     -9999     -9999    230.400     18.839    -26.747    -78.690      0.000   -136.215
    3.3000         0    1316.70    -556.00    -374.73    1747.26    -590.32    -500.00
     -9999     -9999    288.000     18.878    -26.691    -78.690      0.000   -136.355
    3.3100         0    1320.51    -557.91    -376.19    1745.81    -591.70    -500.00
     -9999     -9999    345.600     18.918    -26.635    -78.690      0.000   -136.496
    3.3200         0    1324.31    -559.82    -377.65    1744.36    -593.07    -500.00
     -9999     -9999     43.200     18.958    -26.578    -78.690      0.000   -136.636
    3.3300         0    1328.12    -561.72    -379.12    1742.91    -594.44    -500.00
     -9999     -9999    100.800     18.998    -26.519    -78.690      0.000   -136.776
    3.3400         0    1331.93    -563.62    -380.58    1741.45    -595.81    -500.00
     -9999     -9999    158.400     19.039    -26.460    -78.690      0.000   -136.917
    3.3500         0    1335.74    -565.51    -382.05    1739.98    -597.18    -500.00
     -9999     -9999    216.000     19.079    -26.400    -78.690      0.000   -137.057
    3.3600         0    1339.55    -567.40    -383.52    1738.52    -598.54    -500.00
     -9999     -9999    273.600     19.120    -26.338    -78.690      0.000   -137.198
    3.3700         0    1343.36    -569.29    -385.00    1737.05    -599.89    -500.00
     -9999     -9999    331.200     19.160    -26.276    -78.690      0.000   -137.338
    3.3800         0    1347.17    -571.17    -386.48    1735.58    -601.25    -500.00
     -9999     -9999     28.800     19.201    -26.213    -78.690      0.000   -137.479
    3.3900         0    1350.98    -573.04    -387.96    1734.10    -602.60    -500.00
     -9999     -9999     86.400     19.242    -26.149    -78.690      0.000   -137.619
    3.4000         0    1354.80    -574.91    -389.44    1732.62    -603.94    -500.00
     -9999     -9999    144.000     19.283    -26.083    -78.690      0.000   -137.760
    3.4100         0    1358.61    -576.78    -390.93    1731.14    -605.29    -500.00
     -9999     -9999    201.600     19.324    -26.017    -78.690      0.000   -137.900
    3.4200         0    1362.43    -578.64    -392.42    1729.65    -606.63    -500.00
     -9999     -9999    259.200     19.366    -25.949    -78.690      0.000   -138.041
    3.4300         0    1366.25    -580.49    -393.92    1728.17    -607.96    -500.00
     -9999     -9999    316.800     19.407    -25.881    -78.690      0.000   -138.181
    3.4400         0    1370.07    -582.34    -395.41    1726.67    -609.29    -500.00
     -9999     -9999     14.400     19.449    -25.811    -78.690      0.000   -138.322
    3.4500         0    1373.89    -584.19    -396.91    1725.18    -610.62    -500.00
     -9999     -9999     72.000     19.491    -25.741    -78.690      0.000   -138.462
    3.4600         0    1377.71    -586.03    -398.42    1723.68    -611.94    -500.00
     -9999     -9999    129.600     19.533    -25.669    -78.690      0.000   -138.603
    3.4700         0    1381.53    -587.86    -399.92    1722.18    -613.27    -500.00
     -9999     -9999    187.200     19.575    -25.596    -78.690      0.000   -138.743
    3.4800         0    1385.36    -589.69    -401.43    1720.67    -614.58    -500.00
     -9999     -9999    244.800     19.617    -25.522    -78.690      0.000   -138.884
    3.4900         0    1389.18    -591.51    -402.94    1719.16    -615.90    -500.00
     -9999     -9999    302.400     19.659    -25.447    -78.690      0.000   -139.024
    3.5000         0    1393.01    -593.33    -404.46    1717.65    -617.21    -500.00
     -9999     -9999    360.000     19.702    -25.371    -78.690      0.000   -139.164
    3.5100         0    1396.84    -595.14    -405.98    1716.14    -618.51    -500.00
     -9999     -9999     57.600     19.744    -25.294    -78.690      0.000   -139.305
    3.5200         0    1400.67    -596.95    -407.50    1714.62    -619.81    -500.00
     -9999     -9999    115.200     19.787    -25.216    -78.690      0.000   -139.445
    3.5300         0    1404.50    -598.75    -409.02    1713.10    -621.11    -500.00
     -9999     -9999    172.800     19.830    -25.136    -78.690      0.000   -139.586
    3.5400         0    1408.33    -600.55    -410.55    1711.57    -622.41    -500.00
     -9999     -9999    230.400     19.873    -25.056    -78.690      0.000   -139.726
    3.5500         0    1412.17    -602.34    -412.08    1710.05    -623.70    -500.00
     -9999     -9999    288.000     19.916    -24.974    -78.690      0.000   -139.867
    3.5600         0    1416.00    -604.12    -413.62    1708.52    -624.99    -500.00
     -9999     -9999    345.600     19.959    -24.891    -78.690      0.000   -140.007
    3.5700         0    1419.84    -605.90    -415.16    1706.98    -626.27    -500.00
     -9999     -9999     43.200     20.002    -24.807    -78.690      0.000   -140.148
    3.5800         0    1423.68    -607.67    -416.70    1705.45    -627.55    -500.00
     -9999     -9999    100.800     20.046    -24.722    -78.690      0.000   -140.288
    3.5900         0    1427.52    -609.43    -418.24    1703.91    -628.82    -500.00
     -9999     -9999    158.400     20.089    -24.635    -78.690      0.000   -140.429
    3.6000         0    1431.36    -611.19    -419.79    1702.36    -630.10    -500.00
     -9999     -9999    216.000     20.133    -24.548    -78.690      0.000   -140.569
    3.6100         0    1435.21    -612.94    -421.34    1700.82    -631.36    -500.00
     -9999     -9999    273.600     20.177    -24.459    -78.690      0.000   -140.710
    3.6200         0    1439.05    -614.69    -422.89    1699.27    -632.63    -500.00
     -9999     -9999    331.200     20.220    -24.369    -78.690      0.000   -140.850
    3.6300         0    1442.90    -616.43    -424.45    1697.71    -633.89    -500.00
     -9999     -9999     28.800     20.264    -24.278    -78.690      0.000   -140.991
    3.6400         0    1446.75    -618.16    -426.01    1696.16    -635.15    -500.00
     -9999     -9999     86.400     20.309    -24.185    -78.690      0.000   -141.131
    3.6500         0    1450.60    -619.88    -427.57    1694.60    -636.40    -500.00
     -9999     -9999    144.000     20.353    -24.091    -78.690      0.000   -141.272
    3.6600         0    1454.45    -621.60    -429.14    1693.04    -637.65    -500.00
     -9999     -9999    201.600     20.397    -23.996    -78.690      0.000   -141.412
    3.6700         0    1458.31    -623.32    -430.71    1691.47    -638.90    -500.00
     -9999     -9999    259.200     20.441    -23.901    -78.690      0.000   -141.552
    3.6800         0    1462.16    -625.02    -432.28    1689.91    -640.14    -500.00
     -9999     -9999    316.800     20.485    -23.805    -78.690      0.000   -141.693
    3.6900         0    1466.02    -626.72    -433.86    1688.33    -641.37    -500.00
     -9999     -9999     14.400     20.528    -23.709    -78.690      0.000   -141.833
    3.7000         0    1469.88    -628.41    -435.44    1686.76    -642.61    -500.00
     -9999     -9999     72.000     20.571    -23.612    -78.690      0.000   -141.974
    3.7100         0    1473.74    -630.09    -437.02    1685.18    -643.84    -500.00
     -9999     -9999    129.600     20.614    -23.516    -78.690      0.000   -142.114
    3.7200         0    1477.60    -631.77    -438.61    1683.60    -645.07    -500.00
     -9999     -9999    187.200     20.656    -23.419    -78.690      0.000   -142.255
    3.7300         0    1481.47    -633.44    -440.20    1682.02    -646.29    -500.00
     -9999     -9999    244.800     20.698    -23.322    -78.690      0.000   -142.395
    3.7400         0    1485.34    -635.10    -441.79    1680.43    -647.51    -500.00
     -9999     -9999    302.400     20.740    -23.225    -78.690      0.000   -142.536
    3.7500         0    1489.20    -636.76    -443.38    1678.85    -648.72    -500.00
     -9999     -9999    360.000     20.781    -23.128    -78.690      0.000   -142.676
    3.7600         0    1493.07    -638.41    -444.98    1677.25    -649.93    -500.00
     -9999     -9999     57.600     20.822    -23.030    -78.690      0.000   -142.817
    3.7700         0    1496.95    -640.05    -446.58    1675.66    -651.14    -500.00
     -9999     -9999    115.200     20.862    -22.933    -78.690      0.000   -142.957
    3.7800         0    1500.82    -641.69    -448.19    1674.06    -652.34    -500.00
     -9999     -9999    172.800     20.903    -22.835    -78.690      0.000   -143.098
    3.7900         0    1504.69    -643.31    -449.79    1672.46    -653.54    -500.00
     -9999     -9999    230.400     20.942    -22.737    -78.690      0.000   -143.238
    3.8000         0    1508.57    -644.93    -451.40    1670.86    -654.73    -500.00
     -9999     -9999    288.000     20.982    -22.639    -78.690      0.000   -143.379
    3.8100         0    1512.45    -646.55    -453.02    1669.25    -655.93    -500.00
     -9999     -9999    345.600     21.021    -22.540    -78.690      0.000   -143.519
    3.8200         0    1516.33    -648.15    -454.63    1667.64    -657.11    -500.00
     -9999     -9999     43.200     21.060    -22.442    -78.690      0.000   -143.660
    3.8300         0    1520.21    -649.75    -456.25    1666.03    -658.30    -500.00
     -9999     -9999    100.800     21.099    -22.343    -78.690      0.000   -143.800
    3.8400         0    1524.10    -651.35    -457.87    1664.41    -659.48    -500.00
     -9999     -9999    158.400     21.137    -22.244    -78.690      0.000   -143.940
    3.8500         0    1527.98    -652.93    -459.50    1662.79    -660.65    -500.00
     -9999     -9999    216.000     21.175    -22.145    -78.690      0.000   -144.081
    3.8600         0    1531.87    -654.51    -461.12    1661.17    -661.82    -500.00
     -9999     -9999    273.600     21.212    -22.046    -78.690      0.000   -144.221
    3.8700         0    1535.76    -656.08    -462.75    1659.55    -662.99    -500.00
     -9999     -9999    331.200     21.250    -21.946    -78.690      0.000   -144.362
    3.8800         0    1539.65    -657.64    -464.38    1657.92    -664.15    -500.00
     -9999     -9999     28.800     21.287    -21.847    -78.690      0.000   -144.502
    3.8900         0    1543.54    -659.20    -466.02    1656.29    -665.31    -500.00
     -9999     -9999     86.400     21.324    -21.747    -78.690      0.000   -144.643
    3.9000         0    1547.44    -660.75    -467.66    1654.66    -666.47    -500.00
     -9999     -9999    144.000     21.360    -21.647    -78.690      0.000   -144.783
    3.9100         0    1551.33    -662.29    -469.30    1653.02    -667.62    -500.00
     -9999     -9999    201.600     21.396    -21.547    -78.690      0.000   -144.924
    3.9200         0    1555.23    -663.83    -470.94    1651.39    -668.77    -500.00
     -9999     -9999    259.200     21.432    -21.447    -78.690      0.000   -145.064
    3.9300         0    1559.13    -665.36    -472.59    1649.75    -669.91    -500.00
     -9999     -9999    316.800     21.468    -21.347    -78.690      0.000   -145.205
    3.9400         0    1563.03    -666.88    -474.23    1648.10    -671.05    -500.00
     -9999     -9999     14.400     21.504    -21.247    -78.690      0.000   -145.345
    3.9500         0    1566.94    -668.39    -475.89    1646.45    -672.18    -500.00
     -9999     -9999     72.000     21.539    -21.146    -78.690      0.000   -145.486
    3.9600         0    1570.84    -669.90    -477.54    1644.81    -673.32    -500.00
     -9999     -9999    129.600     21.574    -21.046    -78.690      0.000   -145.626
    3.9700         0    1574.75    -671.40    -479.19    1643.15    -674.44    -500.00
     -9999     -9999    187.200     21.609    -20.945    -78.690      0.000   -145.767
    3.9800         0    1578.65    -672.89    -480.85    1641.50    -675.57    -500.00
     -9999     -9999    244.800     21.644    -20.844    -78.690      0.000   -145.907
    3.9900         0    1582.56    -674.37    -482.51    1639.84    -676.68    -500.00
     -9999     -9999    302.400     21.678    -20.743    -78.690      0.000   -146.047
    4.0000         0    1586.48    -675.85    -484.18    1638.18    -677.80    -500.00
     -9999     -9999    360.000     21.712    -20.642    -78.690      0.000   -146.188
    4.0100         0    1590.39    -677.32    -485.84    1636.52    -678.91    -500.00
     -9999     -9999     57.600     21.746    -20.541    -78.690      0.000   -146.328
    4.0200         0    1594.30    -678.78    -487.51    1634.85    -680.02    -500.00
     -9999     -9999    115.200     21.780    -20.440    -78.690      0.000   -146.469
    4.0300         0    1598.22    -680.24    -489.18    1633.18    -681.12    -500.00
     -9999     -9999    172.800     21.814    -20.339    -78.690      0.000   -146.609
    4.0400         0    1602.14    -681.69    -490.86    1631.51    -682.22    -500.00
     -9999     -9999    230.400     21.848    -20.238    -78.690      0.000   -146.750
    4.0500         0    1606.06    -683.13    -492.53    1629.84    -683.31    -500.00
     -9999     -9999    288.000     21.882    -20.136    -78.690      0.000   -146.890
    4.0600         0    1609.98    -684.56    -494.21    1628.16    -684.40    -500.00
     -9999     -9999    345.600     21.915    -20.035    -78.690      0.000   -147.031
    4.0700         0    1613.90    -685.99    -495.89    1626.48    -685.49    -500.00
     -9999     -9999     43.200     21.948    -19.933    -78.690      0.000   -147.171
    4.0800         0    1617.83    -687.41    -497.57    1624.80    -686.57    -500.00
     -9999     -9999    100.800     21.982    -19.832    -78.690      0.000   -147.312
    4.0900         0    1621.75    -688.82    -499.26    1623.12    -687.65    -500.00
     -9999     -9999    158.400     22.015    -19.730    -78.690      0.000   -147.452
    4.0924         0    1622.70    -689.16    -499.67    1622.71    -687.91    -500.00
     -9999     -9999    172.224     22.023    -19.706    -78.690      0.000   -147.486
    4.1124        -1    1622.70    -689.16    -499.67    1622.71    -687.91    -500.00
     -9999     -9999    172.224     22.023    -19.706    -78.690      0.000   -147.486
