    0.0000         0       0.00      -0.00      -2.00    2000.00      -0.00    -500.00
     -9999     -9999      0.000     12.000    -10.000      0.000      0.000    -90.000
    0.0100         0       4.33      -0.77      -2.94    2000.00      -2.00    -500.00
     -9999     -9999     57.600     12.007    -10.102      0.000      0.000    -90.000
    0.0200         0       8.67      -1.54      -3.87    2000.00      -4.00    -500.00
     -9999     -9999    115.200     12.014    -10.204      0.000      0.000    -90.000
    0.0300         0      13.00      -2.33      -4.81    2000.00      -6.00    -500.00
     -9999     -9999    172.800     12.020    -10.306      0.000      0.000    -90.000
    0.0400         0      17.33      -3.12      -5.75    2000.00      -8.00    -500.00
     -9999     -9999    230.400     12.027    -10.408      0.000      0.000    -90.000
    0.0500         0      21.66      -3.92      -6.68    2000.00     -10.00    -500.00
     -9999     -9999    288.000     12.034    -10.509      0.000      0.000    -90.000
    0.0600         0      25.98      -4.72      -7.62    2000.00     -12.00    -500.00
     -9999     -9999    345.600     12.040    -10.611      0.000      0.000    -90.000
    0.0700         0      30.31      -5.54      -8.56    2000.00     -14.00    -500.00
     -9999     -9999     43.200     12.047    -10.713      0.000      0.000    -90.000
    0.0800         0      34.63      -6.36      -9.50    2000.00     -16.00    -500.00
     -9999     -9999    100.800     12.054    -10.815      0.000      0.000    -90.000
    0.0900         0      38.95      -7.19     -10.44    2000.00     -18.00    -500.00
     -9999     -9999    158.400     12.060    -10.917      0.000      0.000    -90.000
    0.1000         0      43.27      -8.03     -11.38    2000.00     -20.00    -500.00
     -9999     -9999    216.000     12.067    -11.019      0.000      0.000    -90.000
    0.1100         0      47.59      -8.87     -12.32    2000.00     -22.00    -500.00
     -9999     -9999    273.600     12.073    -11.121      0.000      0.000    -90.000
    0.1200         0      51.91      -9.72     -13.26    2000.00     -24.00    -500.00
     -9999     -9999    331.200     12.079    -11.223      0.000      0.000    -90.000
    0.1300         0      56.22     -10.59     -14.21    2000.00     -26.00    -500.00
     -9999     -9999     28.800     12.086    -11.325      0.000      0.000    -90.000
    0.1400         0      60.54     -11.45     -15.15    2000.00     -28.00    -500.00
     -9999     -9999     86.400     12.092    -11.427      0.000      0.000    -90.000
    0.1500         0      64.85     -12.33     -16.09    2000.00     -30.00    -500.00
     -9999     -9999    144.000     12.098    -11.529      0.000      0.000    -90.000
    0.1600         0      69.16     -13.21     -17.03    2000.00     -32.00    -500.00
     -9999     -9999    201.600     12.104    -11.631      0.000      0.000    -90.000
    0.1700         0      73.47     -14.10     -17.98    2000.00     -34.00    -500.00
     -9999     -9999    259.200     12.110    -11.733      0.000      0.000    -90.000
    0.1800         0      77.78     -15.00     -18.92    2000.00     -36.00    -500.00
     -9999     -9999    316.800     12.116    -11.835      0.000      0.000    -90.000
    0.1900         0      82.08     -15.91     -19.87    2000.00     -38.00    -500.00
     -9999     -9999     14.400     12.122    -11.937      0.000      0.000    -90.000
    0.2000         0      86.38     -16.82     -20.81    2000.00     -40.00    -500.00
     -9999     -9999     72.000     12.128    -12.039      0.000      0.000    -90.000
    0.2100         0      90.69     -17.74     -21.76    2000.00     -42.00    -500.00
     -9999     -9999    129.600     12.134    -12.141      0.000      0.000    -90.000
    0.2200         0      94.99     -18.67     -22.70    2000.00     -44.00    -500.00
     -9999     -9999    187.200     12.140    -12.243      0.000      0.000    -90.000
    0.2300         0      99.29     -19.61     -23.65    2000.00     -46.00    -500.00
     -9999     -9999    244.800     12.146    -12.345      0.000      0.000    -90.000
    0.2400         0     103.58     -20.55     -24.60    2000.00     -48.00    -500.00
     -9999     -9999    302.400     12.152    -12.447      0.000      0.000    -90.000
    0.2500         0     107.88     -21.50     -25.55    2000.00     -50.00    -500.00
     -9999     -9999      0.000     12.158    -12.549      0.000      0.000    -90.000
    0.2600         0     112.17     -22.46     -26.49    2000.00     -52.00    -500.00
     -9999     -9999     57.600     12.163    -12.651      0.000      0.000    -90.000
    0.2700         0     116.46     -23.43     -27.44    2000.00     -54.00    -500.00
     -9999     -9999    115.200     12.169    -12.753      0.000      0.000    -90.000
    0.2800         0     120.75     -24.41     -28.39    2000.00     -56.00    -500.00
     -9999     -9999    172.800     12.175    -12.855      0.000      0.000    -90.000
    0.2900         0     125.04     -25.39     -29.34    2000.00     -58.00    -500.00
     -9999     -9999    230.400     12.180    -12.957      0.000      0.000    -90.000
    0.3000         0     129.32     -26.38     -30.29    2000.00     -60.00    -500.00
     -9999     -9999    288.000     12.186    -13.059      0.000      0.000    -90.000
    0.3100         0     133.61     -27.38     -31.24    2000.00     -62.00    -500.00
     -9999     -9999    345.600     12.191    -13.161      0.000      0.000    -90.000
    0.3200         0     137.89     -28.38     -32.19    2000.00     -64.00    -500.00
     -9999     -9999     43.200     12.197    -13.263      0.000      0.000    -90.000
    0.3300         0     142.17     -29.39     -33.14    2000.00     -66.00    -500.00
     -9999     -9999    100.800     12.202    -13.365      0.000      0.000    -90.000
    0.3400         0     146.45     -30.42     -34.09    2000.00     -68.00    -500.00
     -9999     -9999    158.400     12.207    -13.467      0.000      0.000    -90.000
    0.3500         0     150.72     -31.44     -35.04    2000.00     -70.00    -500.00
     -9999     -9999    216.000     12.213    -13.569      0.000      0.000    -90.000
    0.3600         0     155.00     -32.48     -36.00    2000.00     -72.00    -500.00
     -9999     -9999    273.600     12.218    -13.671      0.000      0.000    -90.000
    0.3700         0     159.27     -33.52     -36.95    2000.00     -74.00    -500.00
     -9999     -9999    331.200     12.223    -13.773      0.000      0.000    -90.000
    0.3800         0     163.54     -34.57     -37.90    2000.00     -76.00    -500.00
     -9999     -9999     28.800     12.228    -13.875      0.000      0.000    -90.000
    0.3900         0     167.81     -35.63     -38.86    2000.00     -78.00    -500.00
     -9999     -9999     86.400     12.233    -13.977      0.000      0.000    -90.000
    0.4000         0     172.08     -36.70     -39.81    2000.00     -80.00    -500.00
     -9999     -9999    144.000     12.239    -14.079      0.000      0.000    -90.000
    0.4100         0     176.34     -37.77     -40.76    2000.00     -82.00    -500.00
     -9999     -9999    201.600     12.244    -14.182      0.000      0.000    -90.000
    0.4200         0     180.60     -38.85     -41.72    2000.00     -84.00    -500.00
     -9999     -9999    259.200     12.249    -14.284      0.000      0.000    -90.000
    0.4300         0     184.87     -39.94     -42.67    2000.00     -86.00    -500.00
     -9999     -9999    316.800     12.253    -14.386      0.000      0.000    -90.000
    0.4400         0     189.12     -41.04     -43.63    2000.00     -88.00    -500.00
     -9999     -9999     14.400     12.258    -14.488      0.000      0.000    -90.000
    0.4500         0     193.38     -42.14     -44.58    2000.00     -90.00    -500.00
     -9999     -9999     72.000     12.263    -14.590      0.000      0.000    -90.000
    0.4600         0     197.63     -43.25     -45.54    2000.00     -92.00    -500.00
     -9999     -9999    129.600     12.268    -14.692      0.000      0.000    -90.000
    0.4700         0     201.89     -44.37     -46.50    2000.00     -94.00    -500.00
     -9999     -9999    187.200     12.273    -14.794      0.000      0.000    -90.000
    0.4800         0     206.14     -45.50     -47.45    2000.00     -96.00    -500.00
     -9999     -9999    244.800     12.277    -14.896      0.000      0.000    -90.000
    0.4900         0     210.39     -46.63     -48.41    2000.00     -98.00    -500.00
     -9999     -9999    302.400     12.282    -14.998      0.000      0.000    -90.000
    0.5000         0     214.63     -47.77     -49.37    2000.00    -100.00    -500.00
     -9999     -9999      0.000     12.287    -15.100      0.000      0.000    -90.000
    0.5100         0     218.88     -48.92     -50.33    2000.00    -102.00    -500.00
     -9999     -9999     57.600     12.291    -15.203      0.000      0.000    -90.000
    0.5200         0     223.12     -50.08     -51.28    2000.00    -104.00    -500.00
     -9999     -9999    115.200     12.296    -15.305      0.000      0.000    -90.000
    0.5300         0     227.36     -51.24     -52.24    2000.00    -106.00    -500.00
     -9999     -9999    172.800     12.300    -15.407      0.000      0.000    -90.000
    0.5400         0     231.60     -52.42     -53.20    2000.00    -108.00    -500.00
     -9999     -9999    230.400     12.305    -15.509      0.000      0.000    -90.000
    0.5500         0     235.83     -53.60     -54.16    2000.00    -110.00    -500.00
     -9999     -9999    288.000     12.309    -15.611      0.000      0.000    -90.000
    0.5600         0     240.06     -54.78     -55.12    2000.00    -112.00    -500.00
     -9999     -9999    345.600     12.313    -15.713      0.000      0.000    -90.000
    0.5700         0     244.30     -55.98     -56.08    2000.00    -114.00    -500.00
     -9999     -9999     43.200     12.318    -15.815      0.000      0.000    -90.000
    0.5800         0     248.52     -57.18     -57.04    2000.00    -116.00    -500.00
     -9999     -9999    100.800     12.322    -15.918      0.000      0.000    -90.000
    0.5900         0     252.75     -58.39     -58.00    2000.00    -118.00    -500.00
     -9999     -9999    158.400     12.326    -16.020      0.000      0.000    -90.000
    0.6000         0     256.98     -59.61     -58.96    2000.00    -120.00    -500.00
     -9999     -9999    216.000     12.330    -16.122      0.000      0.000    -90.000
    0.6100         0     261.20     -60.83     -59.92    2000.00    -122.00    -500.00
     -9999     -9999    273.600     12.334    -16.224      0.000      0.000    -90.000
    0.6200         0     265.42     -62.06     -60.88    2000.00    -124.00    -500.00
     -9999     -9999    331.200     12.338    -16.326      0.000      0.000    -90.000
    0.6300         0     269.63     -63.30     -61.84    2000.00    -126.00    -500.00
     -9999     -9999     28.800     12.342    -16.428      0.000      0.000    -90.000
    0.6400         0     273.85     -64.55     -62.81    2000.00    -128.00    -500.00
     -9999     -9999     86.400     12.346    -16.531      0.000      0.000    -90.000
    0.6500         0     278.06     -65.80     -63.77    2000.00    -130.00    -500.00
     -9999     -9999    144.000     12.350    -16.633      0.000      0.000    -90.000
    0.6600         0     282.27     -67.07     -64.73    2000.00    -132.00    -500.00
     -9999     -9999    201.600     12.354    -16.735      0.000      0.000    -90.000
    0.6700         0     286.48     -68.33     -65.69    2000.00    -134.00    -500.00
     -9999     -9999    259.200     12.358    -16.837      0.000      0.000    -90.000
    0.6800         0     290.69     -69.61     -66.66    2000.00    -136.00    -500.00
     -9999     -9999    316.800     12.361    -16.939      0.000      0.000    -90.000
    0.6900         0     294.89     -70.90     -67.62    2000.00    -138.00    -500.00
     -9999     -9999     14.400     12.365    -17.041      0.000      0.000    -90.000
    0.7000         0     299.09     -72.19     -68.58    2000.00    -140.00    -500.00
     -9999     -9999     72.000     12.369    -17.144      0.000      0.000    -90.000
    0.7100         0     303.29     -73.49     -69.55    2000.00    -142.00    -500.00
     -9999     -9999    129.600     12.372    -17.246      0.000      0.000    -90.000
    0.7200         0     307.49     -74.79     -70.51    2000.00    -144.00    -500.00
     -9999     -9999    187.200     12.376    -17.348      0.000      0.000    -90.000
    0.7300         0     311.68     -76.11     -71.48    2000.00    -146.00    -500.00
     -9999     -9999    244.800     12.380    -17.450      0.000      0.000    -90.000
    0.7400         0     315.88     -77.43     -72.44    2000.00    -148.00    -500.00
     -9999     -9999    302.400     12.383    -17.552      0.000      0.000    -90.000
    0.7500         0     320.07     -78.76     -73.41    2000.00    -150.00    -500.00
     -9999     -9999      0.000     12.386    -17.655      0.000      0.000    -90.000
    0.7600         0     324.25     -80.10     -74.37    2000.00    -152.00    -500.00
     -9999     -9999     57.600     12.390    -17.757      0.000      0.000    -90.000
    0.7700         0     328.44     -81.44     -75.34    2000.00    -154.00    -500.00
     -9999     -9999    115.200     12.393    -17.859      0.000      0.000    -90.000
    0.7800         0     332.62     -82.79     -76.30    2000.00    -156.00    -500.00
     -9999     -9999    172.800     12.396    -17.961      0.000      0.000    -90.000
    0.7900         0     336.80     -84.15     -77.27    2000.00    -158.00    -500.00
     -9999     -9999    230.400     12.400    -18.064      0.000      0.000    -90.000
    0.8000         0     340.98     -85.52     -78.24    2000.00    -160.00    -500.00
     -9999     -9999    288.000     12.403    -18.166      0.000      0.000    -90.000
    0.8100         0     345.15     -86.89     -79.20    2000.00    -162.00    -500.00
     -9999     -9999    345.600     12.406    -18.268      0.000      0.000    -90.000
    0.8200         0     349.32     -88.27     -80.17    2000.00    -164.00    -500.00
     -9999     -9999     43.200     12.409    -18.370      0.000      0.000    -90.000
    0.8300         0     353.49     -89.66     -81.14    2000.00    -166.00    -500.00
     -9999     -9999    100.800     12.412    -18.472      0.000      0.000    -90.000
    0.8400         0     357.66     -91.06     -82.11    2000.00    -168.00    -500.00
     -9999     -9999    158.400     12.415    -18.575      0.000      0.000    -90.000
    0.8500         0     361.82     -92.46     -83.07    2000.00    -170.00    -500.00
     -9999     -9999    216.000     12.418    -18.677      0.000      0.000    -90.000
    0.8600         0     365.99     -93.87     -84.04    2000.00    -172.00    -500.00
     -9999     -9999    273.600     12.421    -18.779      0.000      0.000    -90.000
    0.8700         0     370.15     -95.29     -85.01    2000.00    -174.00    -500.00
     -9999     -9999    331.200     12.424    -18.881      0.000      0.000    -90.000
    0.8800         0     374.30     -96.72     -85.98    2000.00    -176.00    -500.00
     -9999     -9999     28.800     12.427    -18.984      0.000      0.000    -90.000
    0.8900         0     378.46     -98.15     -86.95    2000.00    -178.00    -500.00
     -9999     -9999     86.400     12.430    -19.086      0.000      0.000    -90.000
    0.9000         0     382.61     -99.59     -87.91    2000.00    -180.00    -500.00
     -9999     -9999    144.000     12.432    -19.188      0.000      0.000    -90.000
    0.9100         0     386.76    -101.04     -88.88    2000.00    -182.00    -500.00
     -9999     -9999    201.600     12.435    -19.290      0.000      0.000    -90.000
    0.9200         0     390.90    -102.49     -89.85    2000.00    -184.00    -500.00
     -9999     -9999    259.200     12.438    -19.393      0.000      0.000    -90.000
    0.9300         0     395.05    -103.96     -90.82    2000.00    -186.00    -500.00
     -9999     -9999    316.800     12.440    -19.495      0.000      0.000    -90.000
    0.9400         0     399.19    -105.43     -91.79    2000.00    -188.00    -500.00
     -9999     -9999     14.400     12.443    -19.597      0.000      0.000    -90.000
    0.9500         0     403.33    -106.90     -92.76    2000.00    -190.00    -500.00
     -9999     -9999     72.000     12.445    -19.699      0.000      0.000    -90.000
    0.9600         0     407.46    -108.39     -93.73    2000.00    -192.00    -500.00
     -9999     -9999    129.600     12.448    -19.802      0.000      0.000    -90.000
    0.9700         0     411.60    -109.88     -94.70    2000.00    -194.00    -500.00
     -9999     -9999    187.200     12.450    -19.904      0.000      0.000    -90.000
    0.9800         0     415.73    -111.38     -95.67    2000.00    -196.00    -500.00
     -9999     -9999    244.800     12.452    -20.006      0.000      0.000    -90.000
    0.9900         0     419.85    -112.89     -96.64    2000.00    -198.00    -500.00
     -9999     -9999    302.400     12.455    -20.109      0.000      0.000    -90.000
    1.0000         0     423.98    -114.40     -97.61    2000.00    -200.00    -500.00
     -9999     -9999      0.000     12.457    -20.211      0.000      0.000    -90.000
    1.0100         0     428.10    -115.92     -98.58    2000.00    -202.00    -500.00
     -9999     -9999     57.600     12.459    -20.312      0.000      0.000    -90.000
    1.0200         0     432.22    -117.45     -99.55    2000.00    -204.00    -500.00
     -9999     -9999    115.200     12.461    -20.413      0.000      0.000    -90.000
    1.0300         0     436.34    -118.99    -100.52    2000.00    -206.00    -500.00
     -9999     -9999    172.800     12.463    -20.514      0.000      0.000    -90.000
    1.0400         0     440.45    -120.53    -101.50    2000.00    -208.00    -500.00
     -9999     -9999    230.400     12.465    -20.614      0.000      0.000    -90.000
    1.0500         0     444.56    -122.08    -102.47    2000.00    -210.00    -500.00
     -9999     -9999    288.000     12.467    -20.713      0.000      0.000    -90.000
    1.0600         0     448.67    -123.64    -103.44    2000.00    -212.00    -500.00
     -9999     -9999    345.600     12.469    -20.812      0.000      0.000    -90.000
    1.0700         0     452.78    -125.21    -104.41    2000.00    -214.00    -500.00
     -9999     -9999     43.200     12.471    -20.911      0.000      0.000    -90.000
    1.0800         0     456.88    -126.78    -105.38    2000.00    -216.00    -500.00
     -9999     -9999    100.800     12.473    -21.009      0.000      0.000    -90.000
    1.0900         0     460.98    -128.36    -106.35    2000.00    -218.00    -500.00
     -9999     -9999    158.400     12.475    -21.106      0.000      0.000    -90.000
    1.1000         0     465.08    -129.94    -107.33    2000.00    -220.00    -500.00
     -9999     -9999    216.000     12.476    -21.203      0.000      0.000    -90.000
    1.1100         0     469.17    -131.53    -108.30    2000.00    -222.00    -500.00
     -9999     -9999    273.600     12.478    -21.299      0.000      0.000    -90.000
    1.1200         0     473.26    -133.13    -109.27    2000.00    -224.00    -500.00
     -9999     -9999    331.200     12.480    -21.395      0.000      0.000    -90.000
    1.1300         0     477.35    -134.74    -110.24    2000.00    -226.00    -500.00
     -9999     -9999     28.800     12.481    -21.490      0.000      0.000    -90.000
    1.1400         0     481.44    -136.35    -111.22    2000.00    -228.00    -500.00
     -9999     -9999     86.400     12.483    -21.584      0.000      0.000    -90.000
    1.1500         0     485.53    -137.97    -112.19    2000.00    -230.00    -500.00
     -9999     -9999    144.000     12.484    -21.678      0.000      0.000    -90.000
    1.1600         0     489.61    -139.60    -113.16    2000.00    -232.00    -500.00
     -9999     -9999    201.600     12.486    -21.772      0.000      0.000    -90.000
    1.1700         0     493.69    -141.23    -114.13    2000.00    -234.00    -500.00
     -9999     -9999    259.200     12.487    -21.865      0.000      0.000    -90.000
    1.1800         0     497.76    -142.87    -115.11    2000.00    -236.00    -500.00
     -9999     -9999    316.800     12.488    -21.958      0.000      0.000    -90.000
    1.1900         0     501.84    -144.52    -116.08    2000.00    -238.00    -500.00
     -9999     -9999     14.400     12.490    -22.050      0.000      0.000    -90.000
    1.2000         0     505.91    -146.17    -117.05    2000.00    -240.00    -500.00
     -9999     -9999     72.000     12.491    -22.141      0.000      0.000    -90.000
    1.2100         0     509.97    -147.83    -118.03    2000.00    -242.00    -500.00
     -9999     -9999    129.600     12.492    -22.232      0.000      0.000    -90.000
    1.2200         0     514.04    -149.49    -119.00    2000.00    -244.00    -500.00
     -9999     -9999    187.200     12.493    -22.323      0.000      0.000    -90.000
    1.2300         0     518.10    -151.17    -119.97    2000.00    -246.00    -500.00
     -9999     -9999    244.800     12.494    -22.412      0.000      0.000    -90.000
    1.2400         0     522.16    -152.85    -120.95    2000.00    -248.00    -500.00
     -9999     -9999    302.400     12.495    -22.502      0.000      0.000    -90.000
    1.2500         0     526.22    -154.53    -121.92    2000.00    -250.00    -500.00
     -9999     -9999    360.000     12.496    -22.591      0.000      0.000    -90.000
    1.2600         0     530.28    -156.22    -122.90    2000.00    -252.00    -500.00
     -9999     -9999     57.600     12.497    -22.679      0.000      0.000    -90.000
    1.2700         0     534.33    -157.92    -123.87    2000.00    -254.00    -500.00
     -9999     -9999    115.200     12.498    -22.767      0.000      0.000    -90.000
    1.2800         0     538.38    -159.62    -124.84    2000.00    -256.00    -500.00
     -9999     -9999    172.800     12.499    -22.855      0.000      0.000    -90.000
    1.2900         0     542.42    -161.33    -125.82    2000.00    -258.00    -500.00
     -9999     -9999    230.400     12.500    -22.941      0.000      0.000    -90.000
    1.3000         0     546.47    -163.05    -126.79    2000.00    -260.00    -500.00
     -9999     -9999    288.000     12.501    -23.028      0.000      0.000    -90.000
    1.3100         0     550.51    -164.77    -127.76    2000.00    -262.00    -500.00
     -9999     -9999    345.600     12.501    -23.114      0.000      0.000    -90.000
    1.3200         0     554.55    -166.50    -128.74    2000.00    -264.00    -500.00
     -9999     -9999     43.200     12.502    -23.199      0.000      0.000    -90.000
    1.3300         0     558.59    -168.23    -129.71    2000.00    -266.00    -500.00
     -9999     -9999    100.800     12.503    -23.284      0.000      0.000    -90.000
    1.3400         0     562.62    -169.97    -130.69    2000.00    -268.00    -500.00
     -9999     -9999    158.400     12.503    -23.368      0.000      0.000    -90.000
    1.3500         0     566.65    -171.71    -131.66    2000.00    -270.00    -500.00
     -9999     -9999    216.000     12.504    -23.452      0.000      0.000    -90.000
    1.3600         0     570.68    -173.47    -132.64    2000.00    -272.00    -500.00
     -9999     -9999    273.600     12.505    -23.536      0.000      0.000    -90.000
    1.3700         0     574.71    -175.22    -133.61    2000.00    -274.00    -500.00
     -9999     -9999    331.200     12.505    -23.618      0.000      0.000    -90.000
    1.3800         0     578.73    -176.99    -134.58    2000.00    -276.00    -500.00
     -9999     -9999     28.800     12.506    -23.701      0.000      0.000    -90.000
    1.3900         0     582.75    -178.75    -135.56    2000.00    -278.00    -500.00
     -9999     -9999     86.400     12.506    -23.783      0.000      0.000    -90.000
    1.4000         0     586.77    -180.53    -136.53    2000.00    -280.00    -500.00
     -9999     -9999    144.000     12.507    -23.864      0.000      0.000    -90.000
    1.4100         0     590.79    -182.31    -137.51    2000.00    -282.00    -500.00
     -9999     -9999    201.600     12.507    -23.945      0.000      0.000    -90.000
    1.4200         0     594.80    -184.09    -138.48    2000.00    -284.00    -500.00
     -9999     -9999    259.200     12.507    -24.026      0.000      0.000    -90.000
    1.4300         0     598.81    -185.89    -139.46    2000.00    -286.00    -500.00
     -9999     -9999    316.800     12.508    -24.106      0.000      0.000    -90.000
    1.4400         0     602.82    -187.68    -140.43    2000.00    -288.00    -500.00
     -9999     -9999     14.400     12.508    -24.185      0.000      0.000    -90.000
    1.4500         0     606.83    -189.49    -141.41    2000.00    -290.00    -500.00
     -9999     -9999     72.000     12.508    -24.264      0.000      0.000    -90.000
    1.4600         0     610.83    -191.29    -142.38    2000.00    -292.00    -500.00
     -9999     -9999    129.600     12.509    -24.343      0.000      0.000    -90.000
    1.4700         0     614.84    -193.11    -143.36    2000.00    -294.00    -500.00
     -9999     -9999    187.200     12.509    -24.421      0.000      0.000    -90.000
    1.4800         0     618.83    -194.93    -144.33    2000.00    -296.00    -500.00
     -9999     -9999    244.800     12.509    -24.498      0.000      0.000    -90.000
    1.4900         0     622.83    -196.75    -145.31    2000.00    -298.00    -500.00
     -9999     -9999    302.400     12.509    -24.575      0.000      0.000    -90.000
    1.5000         0     626.82    -198.58    -146.28    2000.00    -300.00    -500.00
     -9999     -9999    360.000     12.509    -24.652      0.000      0.000    -90.000
    1.5100         0     630.82    -200.42    -147.25    2000.00    -302.00    -500.00
     -9999     -9999     57.600     12.510    -24.728      0.000      0.000    -90.000
    1.5200         0     634.81    -202.26    -148.23    2000.00    -304.00    -500.00
     -9999     -9999    115.200     12.510    -24.804      0.000      0.000    -90.000
    1.5300         0     638.79    -204.10    -149.20    2000.00    -306.00    -500.00
     -9999     -9999    172.800     12.510    -24.879      0.000      0.000    -90.000
    1.5400         0     642.78    -205.95    -150.18    2000.00    -308.00    -500.00
     -9999     -9999    230.400     12.510    -24.954      0.000      0.000    -90.000
    1.5500         0     646.76    -207.81    -151.15    2000.00    -310.00    -500.00
     -9999     -9999    288.000     12.510    -25.028      0.000      0.000    -90.000
    1.5600         0     650.74    -209.67    -152.13    2000.00    -312.00    -500.00
     -9999     -9999    345.600     12.510    -25.102      0.000      0.000    -90.000
    1.5700         0     654.71    -211.54    -153.10    2000.00    -314.00    -500.00
     -9999     -9999     43.200     12.510    -25.175      0.000      0.000    -90.000
    1.5800         0     658.69    -213.41    -154.08    2000.00    -316.00    -500.00
     -9999     -9999    100.800     12.510    -25.248      0.000      0.000    -90.000
    1.5900         0     662.66    -215.28    -155.05    2000.00    -318.00    -500.00
     -9999     -9999    158.400     12.510    -25.321      0.000      0.000    -90.000
    1.6000         0     666.63    -217.17    -156.03    2000.00    -320.00    -500.00
     -9999     -9999    216.000     12.510    -25.393      0.000      0.000    -90.000
    1.6100         0     670.60    -219.05    -157.00    2000.00    -322.00    -500.00
     -9999     -9999    273.600     12.509    -25.464      0.000      0.000    -90.000
    1.6200         0     674.56    -220.94    -157.98    2000.00    -324.00    -500.00
     -9999     -9999    331.200     12.509    -25.536      0.000      0.000    -90.000
    1.6300         0     678.53    -222.84    -158.95    2000.00    -326.00    -500.00
     -9999     -9999     28.800     12.509    -25.606      0.000      0.000    -90.000
    1.6400         0     682.49    -224.74    -159.93    2000.00    -328.00    -500.00
     -9999     -9999     86.400     12.509    -25.676      0.000      0.000    -90.000
    1.6500         0     686.45    -226.65    -160.90    2000.00    -330.00    -500.00
     -9999     -9999    144.000     12.509    -25.746      0.000      0.000    -90.000
    1.6600         0     690.40    -228.56    -161.88    2000.00    -332.00    -500.00
     -9999     -9999    201.600     12.508    -25.816      0.000      0.000    -90.000
    1.6700         0     694.36    -230.47    -162.85    2000.00    -334.00    -500.00
     -9999     -9999    259.200     12.508    -25.884      0.000      0.000    -90.000
    1.6800         0     698.31    -232.39    -163.82    2000.00    -336.00    -500.00
     -9999     -9999    316.800     12.508    -25.953      0.000      0.000    -90.000
    1.6900         0     702.26    -234.32    -164.80    2000.00    -338.00    -500.00
     -9999     -9999     14.400     12.508    -26.021      0.000      0.000    -90.000
    1.7000         0     706.20    -236.25    -165.77    2000.00    -340.00    -500.00
     -9999     -9999     72.000     12.507    -26.088      0.000      0.000    -90.000
    1.7100         0     710.15    -238.18    -166.75    2000.00    -342.00    -500.00
     -9999     -9999    129.600     12.507    -26.155      0.000      0.000    -90.000
    1.7200         0     714.09    -240.12    -167.72    2000.00    -344.00    -500.00
     -9999     -9999    187.200     12.507    -26.222      0.000      0.000    -90.000
    1.7300         0     718.03    -242.06    -168.70    2000.00    -346.00    -500.00
     -9999     -9999    244.800     12.506    -26.288      0.000      0.000    -90.000
    1.7400         0     721.97    -244.01    -169.67    2000.00    -348.00    -500.00
     -9999     -9999    302.400     12.506    -26.354      0.000      0.000    -90.000
    1.7500         0     725.90    -245.96    -170.65    2000.00    -350.00    -500.00
     -9999     -9999    360.000     12.506    -26.420      0.000      0.000    -90.000
    1.7600         0     729.84    -247.92    -171.62    2000.00    -352.00    -500.00
     -9999     -9999     57.600     12.505    -26.485      0.000      0.000    -90.000
    1.7700         0     733.77    -249.88    -172.59    2000.00    -354.00    -500.00
     -9999     -9999    115.200     12.505    -26.549      0.000      0.000    -90.000
    1.7800         0     737.70    -251.85    -173.57    2000.00    -356.00    -500.00
     -9999     -9999    172.800     12.504    -26.613      0.000      0.000    -90.000
    1.7900         0     741.62    -253.82    -174.54    2000.00    -358.00    -500.00
     -9999     -9999    230.400     12.504    -26.677      0.000      0.000    -90.000
    1.8000         0     745.55    -255.79    -175.52    2000.00    -360.00    -500.00
     -9999     -9999    288.000     12.503    -26.740      0.000      0.000    -90.000
    1.8100         0     749.47    -257.77    -176.49    2000.00    -362.00    -500.00
     -9999     -9999    345.600     12.503    -26.803      0.000      0.000    -90.000
    1.8200         0     753.39    -259.76    -177.47    2000.00    -364.00    -500.00
     -9999     -9999     43.200     12.502    -26.865      0.000      0.000    -90.000
    1.8300         0     757.31    -261.74    -178.44    2000.00    -366.00    -500.00
     -9999     -9999    100.800     12.502    -26.927      0.000      0.000    -90.000
    1.8400         0     761.22    -263.73    -179.41    2000.00    -368.00    -500.00
     -9999     -9999    158.400     12.501    -26.989      0.000      0.000    -90.000
    1.8500         0     765.14    -265.73    -180.39    2000.00    -370.00    -500.00
     -9999     -9999    216.000     12.501    -27.050      0.000      0.000    -90.000
    1.8600         0     769.05    -267.73    -181.36    2000.00    -372.00    -500.00
     -9999     -9999    273.600     12.500    -27.111      0.000      0.000    -90.000
    1.8700         0     772.96    -269.73    -182.34    2000.00    -374.00    -500.00
     -9999     -9999    331.200     12.500    -27.171      0.000      0.000    -90.000
    1.8800         0     776.87    -271.74    -183.31    2000.00    -376.00    -500.00
     -9999     -9999     28.800     12.499    -27.231      0.000      0.000    -90.000
    1.8900         0     780.77    -273.75    -184.28    2000.00    -378.00    -500.00
     -9999     -9999     86.400     12.498    -27.290      0.000      0.000    -90.000
    1.9000         0     784.67    -275.77    -185.26    2000.00    -380.00    -500.00
     -9999     -9999    144.000     12.498    -27.349      0.000      0.000    -90.000
    1.9100         0     788.58    -277.79    -186.23    2000.00    -382.00    -500.00
     -9999     -9999    201.600     12.497    -27.408      0.000      0.000    -90.000
    1.9200         0     792.47    -279.82    -187.21    2000.00    -384.00    -500.00
     -9999     -9999    259.200     12.497    -27.466      0.000      0.000    -90.000
    1.9300         0     796.37    -281.84    -188.18    2000.00    -386.00    -500.00
     -9999     -9999    316.800     12.496    -27.524      0.000      0.000    -90.000
    1.9400         0     800.27    -283.88    -189.15    2000.00    -388.00    -500.00
     -9999     -9999     14.400     12.495    -27.582      0.000      0.000    -90.000
    1.9500         0     804.16    -285.91    -190.13    2000.00    -390.00    -500.00
     -9999     -9999     72.000     12.495    -27.639      0.000      0.000    -90.000
    1.9600         0     808.05    -287.95    -191.10    2000.00    -392.00    -500.00
     -9999     -9999    129.600     12.494    -27.696      0.000      0.000    -90.000
    1.9700         0     811.94    -290.00    -192.07    2000.00    -394.00    -500.00
     -9999     -9999    187.200     12.493    -27.752      0.000      0.000    -90.000
    1.9800         0     815.83    -292.04    -193.05    2000.00    -396.00    -500.00
     -9999     -9999    244.800     12.493    -27.808      0.000      0.000    -90.000
    1.9900         0     819.71    -294.10    -194.02    2000.00    -398.00    -500.00
     -9999     -9999    302.400     12.492    -27.863      0.000      0.000    -90.000
    2.0000         0     823.60    -296.15    -194.99    2000.00    -400.00    -500.00
     -9999     -9999    360.000     12.491    -27.918      0.000      0.000    -90.000
    2.0100         0     827.48    -298.21    -195.97    2000.00    -402.00    -500.00
     -9999     -9999     57.600     12.490    -27.973      0.000      0.000    -90.000
    2.0200         0     831.36    -300.27    -196.94    2000.00    -404.00    -500.00
     -9999     -9999    115.200     12.490    -28.027      0.000      0.000    -90.000
    2.0300         0     835.23    -302.34    -197.91    2000.00    -406.00    -500.00
     -9999     -9999    172.800     12.489    -28.081      0.000      0.000    -90.000
    2.0400         0     839.11    -304.41    -198.89    2000.00    -408.00    -500.00
     -9999     -9999    230.400     12.488    -28.135      0.000      0.000    -90.000
    2.0500         0     842.98    -306.48    -199.86    2000.00    -410.00    -500.00
     -9999     -9999    288.000     12.487    -28.188      0.000      0.000    -90.000
    2.0600         0     846.85    -308.56    -200.83    2000.00    -412.00    -500.00
     -9999     -9999    345.600     12.487    -28.241      0.000      0.000    -90.000
    2.0700         0     850.72    -310.64    -201.80    2000.00    -414.00    -500.00
     -9999     -9999     43.200     12.486    -28.293      0.000      0.000    -90.000
    2.0800         0     854.59    -312.72    -202.78    2000.00    -416.00    -500.00
     -9999     -9999    100.800     12.485    -28.345      0.000      0.000    -90.000
    2.0900         0     858.46    -314.81    -203.75    2000.00    -418.00    -500.00
     -9999     -9999    158.400     12.484    -28.397      0.000      0.000    -90.000
    2.1000         0     862.32    -316.90    -204.72    2000.00    -420.00    -500.00
     -9999     -9999    216.000     12.484    -28.448      0.000      0.000    -90.000
    2.1100         0     866.18    -319.00    -205.70    2000.00    -422.00    -500.00
     -9999     -9999    273.600     12.483    -28.499      0.000      0.000    -90.000
    2.1200         0     870.04    -321.10    -206.67    2000.00    -424.00    -500.00
     -9999     -9999    331.200     12.482    -28.550      0.000      0.000    -90.000
    2.1300         0     873.90    -323.20    -207.64    2000.00    -426.00    -500.00
     -9999     -9999     28.800     12.481    -28.600      0.000      0.000    -90.000
    2.1400         0     877.76    -325.30    -208.61    2000.00    -428.00    -500.00
     -9999     -9999     86.400     12.480    -28.650      0.000      0.000    -90.000
    2.1500         0     881.61    -327.41    -209.59    2000.00    -430.00    -500.00
     -9999     -9999    144.000     12.480    -28.699      0.000      0.000    -90.000
    2.1600         0     885.47    -329.52    -210.56    2000.00    -432.00    -500.00
     -9999     -9999    201.600     12.479    -28.748      0.000      0.000    -90.000
    2.1700         0     889.32    -331.64    -211.53    2000.00    -434.00    -500.00
     -9999     -9999    259.200     12.478    -28.797      0.000      0.000    -90.000
    2.1800         0     893.17    -333.76    -212.50    2000.00    -436.00    -500.00
     -9999     -9999    316.800     12.477    -28.845      0.000      0.000    -90.000
    2.1900         0     897.01    -335.88    -213.48    2000.00    -438.00    -500.00
     -9999     -9999     14.400     12.476    -28.893      0.000      0.000    -90.000
    2.2000         0     900.86    -338.00    -214.45    2000.00    -440.00    -500.00
     -9999     -9999     72.000     12.475    -28.940      0.000      0.000    -90.000
    2.2100         0     904.71    -340.13    -215.42    2000.00    -442.00    -500.00
     -9999     -9999    129.600     12.475    -28.988      0.000      0.000    -90.000
    2.2200         0     908.55    -342.26    -216.39    2000.00    -444.00    -500.00
     -9999     -9999    187.200     12.474    -29.035      0.000      0.000    -90.000
    2.2300         0     912.39    -344.39    -217.36    2000.00    -446.00    -500.00
     -9999     -9999    244.800     12.473    -29.081      0.000      0.000    -90.000
    2.2400         0     916.23    -346.53    -218.34    2000.00    -448.00    -500.00
     -9999     -9999    302.400     12.472    -29.127      0.000      0.000    -90.000
    2.2500         0     920.06    -348.67    -219.31    2000.00    -450.00    -500.00
     -9999     -9999    360.000     12.471    -29.173      0.000      0.000    -90.000
    2.2600         0     923.90    -350.81    -220.28    2000.00    -452.00    -500.00
     -9999     -9999     57.600     12.470    -29.219      0.000      0.000    -90.000
    2.2700         0     927.73    -352.96    -221.25    2000.00    -454.00    -500.00
     -9999     -9999    115.200     12.470    -29.264      0.000      0.000    -90.000
    2.2800         0     931.57    -355.11    -222.22    2000.00    -456.00    -500.00
     -9999     -9999    172.800     12.469    -29.308      0.000      0.000    -90.000
    2.2900         0     935.40    -357.26    -223.19    2000.00    -458.00    -500.00
     -9999     -9999    230.400     12.468    -29.353      0.000      0.000    -90.000
    2.3000         0     939.23    -359.42    -224.17    2000.00    -460.00    -500.00
     -9999     -9999    288.000     12.467    -29.397      0.000      0.000    -90.000
    2.3100         0     943.05    -361.58    -225.14    2000.00    -462.00    -500.00
     -9999     -9999    345.600     12.466    -29.441      0.000      0.000    -90.000
    2.3200         0     946.88    -363.74    -226.11    2000.00    -464.00    -500.00
     -9999     -9999     43.200     12.465    -29.484      0.000      0.000    -90.000
    2.3300         0     950.70    -365.90    -227.08    2000.00    -466.00    -500.00
     -9999     -9999    100.800     12.464    -29.527      0.000      0.000    -90.000
    2.3400         0     954.53    -368.07    -228.05    2000.00    -468.00    -500.00
     -9999     -9999    158.400     12.464    -29.570      0.000      0.000    -90.000
    2.3500         0     958.35    -370.24    -229.02    2000.00    -470.00    -500.00
     -9999     -9999    216.000     12.463    -29.612      0.000      0.000    -90.000
    2.3600         0     962.17    -372.41    -229.99    2000.00    -472.00    -500.00
     -9999     -9999    273.600     12.462    -29.654      0.000      0.000    -90.000
    2.3700         0     965.98    -374.59    -230.96    2000.00    -474.00    -500.00
     -9999     -9999    331.200     12.461    -29.696      0.000      0.000    -90.000
    2.3800         0     969.80    -376.76    -231.93    2000.00    -476.00    -500.00
     -9999     -9999     28.800     12.460    -29.737      0.000      0.000    -90.000
    2.3900         0     973.61    -378.94    -232.91    2000.00    -478.00    -500.00
     -9999     -9999     86.400     12.459    -29.778      0.000      0.000    -90.000
    2.4000         0     977.43    -381.13    -233.88    2000.00    -480.00    -500.00
     -9999     -9999    144.000     12.458    -29.819      0.000      0.000    -90.000
    2.4100         0     981.24    -383.31    -234.85    2000.00    -482.00    -500.00
     -9999     -9999    201.600     12.457    -29.859      0.000      0.000    -90.000
    2.4200         0     985.05    -385.50    -235.82    2000.00    -484.00    -500.00
     -9999     -9999    259.200     12.457    -29.899      0.000      0.000    -90.000
    2.4300         0     988.86    -387.70    -236.79    2000.00    -486.00    -500.00
     -9999     -9999    316.800     12.456    -29.939      0.000      0.000    -90.000
    2.4400         0     992.66    -389.89    -237.76    2000.00    -488.00    -500.00
     -9999     -9999     14.400     12.455    -29.978      0.000      0.000    -90.000
    2.4500         0     996.47    -392.09    -238.73    2000.00    -490.00    -500.00
     -9999     -9999     72.000     12.454    -30.017      0.000      0.000    -90.000
    2.4600         0    1000.27    -394.29    -239.70    2000.00    -492.00    -500.00
     -9999     -9999    129.600     12.453    -30.056      0.000      0.000    -90.000
    2.4700         0    1004.08    -396.49    -240.67    2000.00    -494.00    -500.00
     -9999     -9999    187.200     12.452    -30.094      0.000      0.000    -90.000
    2.4800         0    1007.88    -398.69    -241.64    2000.00    -496.00    -500.00
     -9999     -9999    244.800     12.451    -30.133      0.000      0.000    -90.000
    2.4900         0    1011.68    -400.90    -242.61    2000.00    -498.00    -500.00
     -9999     -9999    302.400     12.450    -30.170      0.000      0.000    -90.000
    2.5000         0    1015.48    -403.11    -243.58    2000.00    -500.00    -500.00
     -9999     -9999    360.000     12.450    -30.208      0.000      0.000    -90.000
    2.5100         0    1019.27    -405.32    -244.55    2000.00    -502.00    -500.00
     -9999     -9999     57.600     12.449    -30.245      0.000      0.000    -90.000
    2.5200         0    1023.07    -407.54    -245.52    2000.00    -504.00    -500.00
     -9999     -9999    115.200     12.448    -30.282      0.000      0.000    -90.000
    2.5300         0    1026.86    -409.75    -246.49    2000.00    -506.00    -500.00
     -9999     -9999    172.800     12.447    -30.318      0.000      0.000    -90.000
    2.5400         0    1030.65    -411.97    -247.46    2000.00    -508.00    -500.00
     -9999     -9999    230.400     12.446    -30.355      0.000      0.000    -90.000
    2.5500         0    1034.44    -414.19    -248.43    2000.00    -510.00    -500.00
     -9999     -9999    288.000     12.445    -30.390      0.000      0.000    -90.000
    2.5600         0    1038.23    -416.42    -249.40    2000.00    -512.00    -500.00
     -9999     -9999    345.600     12.444    -30.426      0.000      0.000    -90.000
    2.5700         0    1042.02    -418.65    -250.37    2000.00    -514.00    -500.00
     -9999     -9999     43.200     12.443    -30.461      0.000      0.000    -90.000
    2.5800         0    1045.81    -420.87    -251.34    2000.00    -516.00    -500.00
     -9999     -9999    100.800     12.443    -30.496      0.000      0.000    -90.000
    2.5900         0    1049.60    -423.11    -252.31    2000.00    -518.00    -500.00
     -9999     -9999    158.400     12.442    -30.531      0.000      0.000    -90.000
    2.6000         0    1053.38    -425.34    -253.28    2000.00    -520.00    -500.00
     -9999     -9999    216.000     12.441    -30.565      0.000      0.000    -90.000
    2.6100         0    1057.16    -427.57    -254.25    2000.00    -522.00    -500.00
     -9999     -9999    273.600     12.440    -30.599      0.000      0.000    -90.000
    2.6200         0    1060.95    -429.81    -255.22    2000.00    -524.00    -500.00
     -9999     -9999    331.200     12.439    -30.633      0.000      0.000    -90.000
    2.6300         0    1064.73    -432.05    -256.19    2000.00    -526.00    -500.00
     -9999     -9999     28.800     12.438    -30.667      0.000      0.000    -90.000
    2.6400         0    1068.50    -434.30    -257.16    2000.00    -528.00    -500.00
     -9999     -9999     86.400     12.438    -30.700      0.000      0.000    -90.000
    2.6500         0    1072.28    -436.54    -258.12    2000.00    -530.00    -500.00
     -9999     -9999    144.000     12.437    -30.733      0.000      0.000    -90.000
    2.6600         0    1076.06    -438.79    -259.09    2000.00    -532.00    -500.00
     -9999     -9999    201.600     12.436    -30.765      0.000      0.000    -90.000
    2.6700         0    1079.83    -441.04    -260.06    2000.00    -534.00    -500.00
     -9999     -9999    259.200     12.435    -30.798      0.000      0.000    -90.000
    2.6800         0    1083.61    -443.29    -261.03    2000.00    -536.00    -500.00
     -9999     -9999    316.800     12.434    -30.830      0.000      0.000    -90.000
    2.6900         0    1087.38    -445.54    -262.00    2000.00    -538.00    -500.00
     -9999     -9999     14.400     12.433    -30.862      0.000      0.000    -90.000
    2.7000         0    1091.15    -447.80    -262.97    2000.00    -540.00    -500.00
     -9999     -9999     72.000     12.432    -30.893      0.000      0.000    -90.000
    2.7100         0    1094.92    -450.05    -263.94    2000.00    -542.00    -500.00
     -9999     -9999    129.600     12.432    -30.924      0.000      0.000    -90.000
    2.7200         0    1098.69    -452.31    -264.91    2000.00    -544.00    -500.00
     -9999     -9999    187.200     12.431    -30.955      0.000      0.000    -90.000
    2.7300         0    1102.46    -454.57    -265.88    2000.00    -546.00    -500.00
     -9999     -9999    244.800     12.430    -30.986      0.000      0.000    -90.000
    2.7400         0    1106.23    -456.84    -266.84    2000.00    -548.00    -500.00
     -9999     -9999    302.400     12.429    -31.016      0.000      0.000    -90.000
    2.7500         0    1109.99    -459.10    -267.81    2000.00    -550.00    -500.00
     -9999     -9999    360.000     12.428    -31.046      0.000      0.000    -90.000
    2.7600         0    1113.76    -461.37    -268.78    2000.00    -552.00    -500.00
     -9999     -9999     57.600     12.428    -31.076      0.000      0.000    -90.000
    2.7700         0    1117.52    -463.64    -269.75    2000.00    -554.00    -500.00
     -9999     -9999    115.200     12.427    -31.105      0.000      0.000    -90.000
    2.7800         0    1121.28    -465.91    -270.72    2000.00    -556.00    -500.00
     -9999     -9999    172.800     12.426    -31.135      0.000      0.000    -90.000
    2.7900         0    1125.04    -468.18    -271.69    2000.00    -558.00    -500.00
     -9999     -9999    230.400     12.425    -31.164      0.000      0.000    -90.000
    2.8000         0    1128.80    -470.46    -272.65    2000.00    -560.00    -500.00
     -9999     -9999    288.000     12.424    -31.192      0.000      0.000    -90.000
    2.8100         0    1132.56    -472.74    -273.62    2000.00    -562.00    -500.00
     -9999     -9999    345.600     12.424    -31.221      0.000      0.000    -90.000
    2.8200         0    1136.32    -475.01    -274.59    2000.00    -564.00    -500.00
     -9999     -9999     43.200     12.423    -31.249      0.000      0.000    -90.000
    2.8300         0    1140.08    -477.29    -275.56    2000.00    -566.00    -500.00
     -9999     -9999    100.800     12.422    -31.277      0.000      0.000    -90.000
    2.8400         0    1143.83    -479.58    -276.53    2000.00    -568.00    -500.00
     -9999     -9999    158.400     12.421    -31.304      0.000      0.000    -90.000
    2.8500         0    1147.59    -481.86    -277.49    2000.00    -570.00    -500.00
     -9999     -9999    216.000     12.420    -31.332      0.000      0.000    -90.000
    2.8600         0    1151.34    -484.15    -278.46    2000.00    -572.00    -500.00
     -9999     -9999    273.600     12.420    -31.359      0.000      0.000    -90.000
    2.8700         0    1155.09    -486.44    -279.43    2000.00    -574.00    -500.00
     -9999     -9999    331.200     12.419    -31.385      0.000      0.000    -90.000
    2.8800         0    1158.84    -488.72    -280.40    2000.00    -576.00    -500.00
     -9999     -9999     28.800     12.418    -31.412      0.000      0.000    -90.000
    2.8900         0    1162.59    -491.02    -281.37    2000.00    -578.00    -500.00
     -9999     -9999     86.400     12.417    -31.438      0.000      0.000    -90.000
    2.9000         0    1166.34    -493.31    -282.33    2000.00    -580.00    -500.00
     -9999     -9999    144.000     12.417    -31.464      0.000      0.000    -90.000
    2.9100         0    1170.09    -495.60    -283.30    2000.00    -582.00    -500.00
     -9999     -9999    201.600     12.416    -31.490      0.000      0.000    -90.000
    2.9200         0    1173.84    -497.90    -284.27    2000.00    -584.00    -500.00
     -9999     -9999    259.200     12.415    -31.516      0.000      0.000    -90.000
    2.9300         0    1177.58    -500.20    -285.24    2000.00    -586.00    -500.00
     -9999     -9999    316.800     12.414    -31.541      0.000      0.000    -90.000
    2.9400         0    1181.33    -502.50    -286.20    2000.00    -588.00    -500.00
     -9999     -9999     14.400     12.414    -31.566      0.000      0.000    -90.000
    2.9500         0    1185.07    -504.80    -287.17    2000.00    -590.00    -500.00
     -9999     -9999     72.000     12.413    -31.591      0.000      0.000    -90.000
    2.9600         0    1188.82    -507.10    -288.14    2000.00    -592.00    -500.00
     -9999     -9999    129.600     12.412    -31.615      0.000      0.000    -90.000
    2.9700         0    1192.56    -509.41    -289.11    2000.00    -594.00    -500.00
     -9999     -9999    187.200     12.412    -31.639      0.000      0.000    -90.000
    2.9800         0    1196.30    -511.71    -290.07    2000.00    -596.00    -500.00
     -9999     -9999    244.800     12.411    -31.663      0.000      0.000    -90.000
    2.9900         0    1200.04    -514.02    -291.04    2000.00    -598.00    -500.00
     -9999     -9999    302.400     12.410    -31.687      0.000      0.000    -90.000
    3.0000         0    1203.78    -516.33    -292.01    2000.00    -600.00    -500.00
     -9999     -9999    360.000     12.409    -31.711      0.000      0.000    -90.000
    3.0100         0    1207.52    -518.64    -292.97    2000.00    -602.00    -500.00
     -9999     -9999     57.600     12.409    -31.734      0.000      0.000    -90.000
    3.0200         0    1211.25    -520.95    -293.94    2000.00    -604.00    -500.00
     -9999     -9999    115.200     12.408    -31.757      0.000      0.000    -90.000
    3.0300         0    1214.99    -523.27    -294.91    2000.00    -606.00    -500.00
     -9999     -9999    172.800     12.407    -31.780      0.000      0.000    -90.000
    3.0400         0    1218.73    -525.58    -295.87    2000.00    -608.00    -500.00
     -9999     -9999    230.400     12.407    -31.802      0.000      0.000    -90.000
    3.0500         0    1222.46    -527.90    -296.84    2000.00    -610.00    -500.00
     -9999     -9999    288.000     12.406    -31.825      0.000      0.000    -90.000
    3.0600         0    1226.19    -530.22    -297.81    2000.00    -612.00    -500.00
     -9999     -9999    345.600     12.405    -31.847      0.000      0.000    -90.000
    3.0700         0    1229.93    -532.54    -298.77    2000.00    -614.00    -500.00
     -9999     -9999     43.200     12.405    -31.869      0.000      0.000    -90.000
    3.0800         0    1233.66    -534.86    -299.74    2000.00    -616.00    -500.00
     -9999     -9999    100.800     12.404    -31.890      0.000      0.000    -90.000
    3.0900         0    1237.39    -537.18    -300.71    2000.00    -618.00    -500.00
     -9999     -9999    158.400     12.403    -31.912      0.000      0.000    -90.000
    3.1000         0    1241.12    -539.51    -301.67    2000.00    -620.00    -500.00
     -9999     -9999    216.000     12.403    -31.933      0.000      0.000    -90.000
    3.1100         0    1244.85    -541.83    -302.64    2000.00    -622.00    -500.00
     -9999     -9999    273.600     12.402    -31.954      0.000      0.000    -90.000
    3.1200         0    1248.58    -544.16    -303.61    2000.00    -624.00    -500.00
     -9999     -9999    331.200     12.401    -31.975      0.000      0.000    -90.000
    3.1300         0    1252.31    -546.49    -304.57    2000.00    -626.00    -500.00
     -9999     -9999     28.800     12.401    -31.995      0.000      0.000    -90.000
    3.1400         0    1256.03    -548.81    -305.54    2000.00    -628.00    -500.00
     -9999     -9999     86.400     12.400    -32.015      0.000      0.000    -90.000
    3.1500         0    1259.76    -551.15    -306.51    2000.00    -630.00    -500.00
     -9999     -9999    144.000     12.399    -32.035      0.000      0.000    -90.000
    3.1600         0    1263.49    -553.48    -307.47    2000.00    -632.00    -500.00
     -9999     -9999    201.600     12.399    -32.055      0.000      0.000    -90.000
    3.1700         0    1267.21    -555.81    -308.44    2000.00    -634.00    -500.00
     -9999     -9999    259.200     12.398    -32.075      0.000      0.000    -90.000
    3.1800         0    1270.93    -558.15    -309.40    2000.00    -636.00    -500.00
     -9999     -9999    316.800     12.398    -32.094      0.000      0.000    -90.000
    3.1900         0    1274.66    -560.48    -310.37    2000.00    -638.00    -500.00
     -9999     -9999     14.400     12.397    -32.113      0.000      0.000    -90.000
    3.2000         0    1278.38    -562.82    -311.34    2000.00    -640.00    -500.00
     -9999     -9999     72.000     12.396    -32.132      0.000      0.000    -90.000
    3.2100         0    1282.10    -565.16    -312.30    2000.00    -642.00    -500.00
     -9999     -9999    129.600     12.396    -32.151      0.000      0.000    -90.000
    3.2200         0    1285.82    -567.50    -313.27    2000.00    -644.00    -500.00
     -9999     -9999    187.200     12.395    -32.170      0.000      0.000    -90.000
    3.2300         0    1289.54    -569.84    -314.23    2000.00    -646.00    -500.00
     -9999     -9999    244.800     12.395    -32.188      0.000      0.000    -90.000
    3.2400         0    1293.26    -572.18    -315.20    2000.00    -648.00    -500.00
     -9999     -9999    302.400     12.394    -32.206      0.000      0.000    -90.000
    3.2500         0    1296.98    -574.52    -316.17    2000.00    -650.00    -500.00
     -9999     -9999    360.000     12.393    -32.224      0.000      0.000    -90.000
    3.2600         0    1300.70    -576.87    -317.13    2000.00    -652.00    -500.00
     -9999     -9999     57.600     12.393    -32.242      0.000      0.000    -90.000
    3.2700         0    1304.41    -579.21    -318.10    2000.00    -654.00    -500.00
     -9999     -9999    115.200     12.392    -32.259      0.000      0.000    -90.000
    3.2800         0    1308.13    -581.56    -319.06    2000.00    -656.00    -500.00
     -9999     -9999    172.800     12.392    -32.276      0.000      0.000    -90.000
    3.2900         0    1311.85    -583.90    -320.03    2000.00    -658.00    -500.00
     -9999     -9999    230.400     12.391    -32.293      0.000      0.000    -90.000
    3.3000         0    1315.56    -586.25    -320.99    2000.00    -660.00    -500.00
     -9999     -9999    288.000     12.391    -32.310      0.000      0.000    -90.000
    3.3100         0    1319.28    -588.60    -321.96    2000.00    -662.00    -500.00
     -9999     -9999    345.600     12.390    -32.327      0.000      0.000    -90.000
    3.3200         0    1322.99    -590.95    -322.93    2000.00    -664.00    -500.00
     -9999     -9999     43.200     12.389    -32.343      0.000      0.000    -90.000
    3.3300         0    1326.70    -593.31    -323.89    2000.00    -666.00    -500.00
     -9999     -9999    100.800     12.389    -32.360      0.000      0.000    -90.000
    3.3400         0    1330.41    -595.66    -324.86    2000.00    -668.00    -500.00
     -9999     -9999    158.400     12.388    -32.376      0.000      0.000    -90.000
    3.3500         0    1334.13    -598.01    -325.82    2000.00    -670.00    -500.00
     -9999     -9999    216.000     12.388    -32.392      0.000      0.000    -90.000
    3.3600         0    1337.84    -600.37    -326.79    2000.00    -672.00    -500.00
     -9999     -9999    273.600     12.387    -32.407      0.000      0.000    -90.000
    3.3700         0    1341.55    -602.72    -327.75    2000.00    -674.00    -500.00
     -9999     -9999    331.200     12.387    -32.423      0.000      0.000    -90.000
    3.3800         0    1345.26    -605.08    -328.72    2000.00    -676.00    -500.00
     -9999     -9999     28.800     12.386    -32.438      0.000      0.000    -90.000
    3.3900         0    1348.97    -607.44    -329.68    2000.00    -678.00    -500.00
     -9999     -9999     86.400     12.386    -32.453      0.000      0.000    -90.000
    3.4000         0    1352.67    -609.80    -330.65    2000.00    -680.00    -500.00
     -9999     -9999    144.000     12.385    -32.468      0.000      0.000    -90.000
    3.4100         0    1356.38    -612.16    -331.61    2000.00    -682.00    -500.00
     -9999     -9999    201.600     12.385    -32.483      0.000      0.000    -90.000
    3.4200         0    1360.09    -614.52    -332.58    2000.00    -684.00    -500.00
     -9999     -9999    259.200     12.384    -32.497      0.000      0.000    -90.000
    3.4300         0    1363.80    -616.88    -333.54    2000.00    -686.00    -500.00
     -9999     -9999    316.800     12.384    -32.512      0.000      0.000    -90.000
    3.4400         0    1367.50    -619.24    -334.51    2000.00    -688.00    -500.00
     -9999     -9999     14.400     12.383    -32.526      0.000      0.000    -90.000
    3.4500         0    1371.21    -621.61    -335.47    2000.00    -690.00    -500.00
     -9999     -9999     72.000     12.383    -32.540      0.000      0.000    -90.000
    3.4600         0    1374.91    -623.97    -336.44    2000.00    -692.00    -500.00
     -9999     -9999    129.600     12.382    -32.554      0.000      0.000    -90.000
    3.4700         0    1378.62    -626.34    -337.40    2000.00    -694.00    -500.00
     -9999     -9999    187.200     12.382    -32.567      0.000      0.000    -90.000
    3.4800         0    1382.32    -628.70    -338.37    2000.00    -696.00    -500.00
     -9999     -9999    244.800     12.382    -32.581      0.000      0.000    -90.000
    3.4900         0    1386.03    -631.07    -339.33    2000.00    -698.00    -500.00
     -9999     -9999    302.400     12.381    -32.594      0.000      0.000    -90.000
    3.5000         0    1389.73    -633.44    -340.30    2000.00    -700.00    -500.00
     -9999     -9999    360.000     12.381    -32.607      0.000      0.000    -90.000
    3.5100         0    1393.43    -635.81    -341.26    2000.00    -702.00    -500.00
     -9999     -9999     57.600     12.380    -32.620      0.000      0.000    -90.000
    3.5200         0    1397.13    -638.18    -342.23    2000.00    -704.00    -500.00
     -9999     -9999    115.200     12.380    -32.633      0.000      0.000    -90.000
    3.5300         0    1400.83    -640.55    -343.19    2000.00    -706.00    -500.00
     -9999     -9999    172.800     12.379    -32.645      0.000      0.000    -90.000
    3.5400         0    1404.53    -642.92    -344.16    2000.00    -708.00    -500.00
     -9999     -9999    230.400     12.379    -32.658      0.000      0.000    -90.000
    3.5500         0    1408.24    -645.29    -345.12    2000.00    -710.00    -500.00
     -9999     -9999    288.000     12.378    -32.670      0.000      0.000    -90.000
    3.5600         0    1411.93    -647.67    -346.09    2000.00    -712.00    -500.00
     -9999     -9999    345.600     12.378    -32.682      0.000      0.000    -90.000
    3.5700         0    1415.63    -650.04    -347.05    2000.00    -714.00    -500.00
     -9999     -9999     43.200     12.378    -32.694      0.000      0.000    -90.000
    3.5800         0    1419.33    -652.41    -348.02    2000.00    -716.00    -500.00
     -9999     -9999    100.800     12.377    -32.705      0.000      0.000    -90.000
    3.5900         0    1423.03    -654.79    -348.98    2000.00    -718.00    -500.00
     -9999     -9999    158.400     12.377    -32.717      0.000      0.000    -90.000
    3.6000         0    1426.73    -657.17    -349.95    2000.00    -720.00    -500.00
     -9999     -9999    216.000     12.376    -32.728      0.000      0.000    -90.000
    3.6100         0    1430.43    -659.54    -350.91    2000.00    -722.00    -500.00
     -9999     -9999    273.600     12.376    -32.740      0.000      0.000    -90.000
    3.6200         0    1434.12    -661.92    -351.87    2000.00    -724.00    -500.00
     -9999     -9999    331.200     12.376    -32.751      0.000      0.000    -90.000
    3.6300         0    1437.82    -664.30    -352.84    2000.00    -726.00    -500.00
     -9999     -9999     28.800     12.375    -32.762      0.000      0.000    -90.000
    3.6400         0    1441.52    -666.68    -353.80    2000.00    -728.00    -500.00
     -9999     -9999     86.400     12.375    -32.772      0.000      0.000    -90.000
    3.6500         0    1445.21    -669.06    -354.77    2000.00    -730.00    -500.00
     -9999     -9999    144.000     12.375    -32.783      0.000      0.000    -90.000
    3.6600         0    1448.91    -671.44    -355.73    2000.00    -732.00    -500.00
     -9999     -9999    201.600     12.374    -32.793      0.000      0.000    -90.000
    3.6700         0    1452.60    -673.82    -356.70    2000.00    -734.00    -500.00
     -9999     -9999    259.200     12.374    -32.804      0.000      0.000    -90.000
    3.6800         0    1456.30    -676.20    -357.66    2000.00    -736.00    -500.00
     -9999     -9999    316.800     12.373    -32.814      0.000      0.000    -90.000
    3.6900         0    1459.99    -678.58    -358.62    2000.00    -738.00    -500.00
     -9999     -9999     14.400     12.373    -32.824      0.000      0.000    -90.000
    3.7000         0    1463.68    -680.96    -359.59    2000.00    -740.00    -500.00
     -9999     -9999     72.000     12.373    -32.834      0.000      0.000    -90.000
    3.7100         0    1467.38    -683.35    -360.55    2000.00    -742.00    -500.00
     -9999     -9999    129.600     12.372    -32.843      0.000      0.000    -90.000
    3.7200         0    1471.07    -685.73    -361.52    2000.00    -744.00    -500.00
     -9999     -9999    187.200     12.372    -32.853      0.000      0.000    -90.000
    3.7300         0    1474.76    -688.12    -362.48    2000.00    -746.00    -500.00
     -9999     -9999    244.800     12.372    -32.862      0.000      0.000    -90.000
    3.7400         0    1478.45    -690.50    -363.45    2000.00    -748.00    -500.00
     -9999     -9999    302.400     12.371    -32.872      0.000      0.000    -90.000
    3.7500         0    1482.14    -692.89    -364.41    2000.00    -750.00    -500.00
     -9999     -9999    360.000     12.371    -32.881      0.000      0.000    -90.000
    3.7600         0    1485.84    -695.27    -365.37    2000.00    -752.00    -500.00
     -9999     -9999     57.600     12.371    -32.890      0.000      0.000    -90.000
    3.7700         0    1489.53    -697.66    -366.34    2000.00    -754.00    -500.00
     -9999     -9999    115.200     12.370    -32.899      0.000      0.000    -90.000
    3.7800         0    1493.22    -700.05    -367.30    2000.00    -756.00    -500.00
     -9999     -9999    172.800     12.370    -32.907      0.000      0.000    -90.000
    3.7900         0    1496.91    -702.44    -368.27    2000.00    -758.00    -500.00
     -9999     -9999    230.400     12.370    -32.916      0.000      0.000    -90.000
    3.8000         0    1500.60    -704.83    -369.23    2000.00    -760.00    -500.00
     -9999     -9999    288.000     12.370    -32.924      0.000      0.000    -90.000
    3.8100         0    1504.29    -707.22    -370.19    2000.00    -762.00    -500.00
     -9999     -9999    345.600     12.369    -32.932      0.000      0.000    -90.000
    3.8200         0    1507.98    -709.61    -371.16    2000.00    -764.00    -500.00
     -9999     -9999     43.200     12.369    -32.941      0.000      0.000    -90.000
    3.8300         0    1511.66    -712.00    -372.12    2000.00    -766.00    -500.00
     -9999     -9999    100.800     12.369    -32.949      0.000      0.000    -90.000
    3.8400         0    1515.35    -714.39    -373.09    2000.00    -768.00    -500.00
     -9999     -9999    158.400     12.368    -32.956      0.000      0.000    -90.000
    3.8500         0    1519.04    -716.78    -374.05    2000.00    -770.00    -500.00
     -9999     -9999    216.000     12.368    -32.964      0.000      0.000    -90.000
    3.8600         0    1522.73    -719.17    -375.01    2000.00    -772.00    -500.00
     -9999     -9999    273.600     12.368    -32.972      0.000      0.000    -90.000
    3.8700         0    1526.42    -721.56    -375.98    2000.00    -774.00    -500.00
     -9999     -9999    331.200     12.368    -32.979      0.000      0.000    -90.000
    3.8800         0    1530.10    -723.96    -376.94    2000.00    -776.00    -500.00
     -9999     -9999     28.800     12.367    -32.987      0.000      0.000    -90.000
    3.8900         0    1533.79    -726.35    -377.90    2000.00    -778.00    -500.00
     -9999     -9999     86.400     12.367    -32.994      0.000      0.000    -90.000
    3.9000         0    1537.48    -728.74    -378.87    2000.00    -780.00    -500.00
     -9999     -9999    144.000     12.367    -33.001      0.000      0.000    -90.000
    3.9100         0    1541.16    -731.14    -379.83    2000.00    -782.00    -500.00
     -9999     -9999    201.600     12.367    -33.008      0.000      0.000    -90.000
    3.9200         0    1544.85    -733.53    -380.80    2000.00    -784.00    -500.00
     -9999     -9999    259.200     12.366    -33.015      0.000      0.000    -90.000
    3.9300         0    1548.53    -735.93    -381.76    2000.00    -786.00    -500.00
     -9999     -9999    316.800     12.366    -33.021      0.000      0.000    -90.000
    3.9400         0    1552.22    -738.32    -382.72    2000.00    -788.00    -500.00
     -9999     -9999     14.400     12.366    -33.028      0.000      0.000    -90.000
    3.9500         0    1555.91    -740.72    -383.69    2000.00    -790.00    -500.00
     -9999     -9999     72.000     12.366    -33.034      0.000      0.000    -90.000
    3.9600         0    1559.59    -743.12    -384.65    2000.00    -792.00    -500.00
     -9999     -9999    129.600     12.365    -33.041      0.000      0.000    -90.000
    3.9700         0    1563.27    -745.51    -385.61    2000.00    -794.00    -500.00
     -9999     -9999    187.200     12.365    -33.047      0.000      0.000    -90.000
    3.9800         0    1566.96    -747.91    -386.58    2000.00    -796.00    -500.00
     -9999     -9999    244.800     12.365    -33.053      0.000      0.000    -90.000
    3.9900         0    1570.64    -750.31    -387.54    2000.00    -798.00    -500.00
     -9999     -9999    302.400     12.365    -33.059      0.000      0.000    -90.000
    4.0000         0    1574.33    -752.71    -388.50    2000.00    -800.00    -500.00
     -9999     -9999    360.000     12.364    -33.065      0.000      0.000    -90.000
    4.0100         0    1578.01    -755.10    -389.47    2000.00    -802.00    -500.00
     -9999     -9999     57.600     12.364    -33.071      0.000      0.000    -90.000
    4.0200         0    1581.69    -757.50    -390.43    2000.00    -804.00    -500.00
     -9999     -9999    115.200     12.364    -33.077      0.000      0.000    -90.000
    4.0300         0    1585.38    -759.90    -391.40    2000.00    -806.00    -500.00
     -9999     -9999    172.800     12.364    -33.082      0.000      0.000    -90.000
    4.0400         0    1589.06    -762.30    -392.36    2000.00    -808.00    -500.00
     -9999     -9999    230.400     12.364    -33.088      0.000      0.000    -90.000
    4.0500         0    1592.74    -764.70    -393.32    2000.00    -810.00    -500.00
     -9999     -9999    288.000     12.363    -33.093      0.000      0.000    -90.000
    4.0600         0    1596.43    -767.10    -394.29    2000.00    -812.00    -500.00
     -9999     -9999    345.600     12.363    -33.098      0.000      0.000    -90.000
    4.0700         0    1600.11    -769.50    -395.25    2000.00    -814.00    -500.00
     -9999     -9999     43.200     12.363    -33.103      0.000      0.000    -90.000
    4.0800         0    1603.79    -771.90    -396.21    2000.00    -816.00    -500.00
     -9999     -9999    100.800     12.363    -33.108      0.000      0.000    -90.000
    4.0900         0    1607.47    -774.30    -397.18    2000.00    -818.00    -500.00
     -9999     -9999    158.400     12.363    -33.113      0.000      0.000    -90.000
    4.1000         0    1611.15    -776.71    -398.14    2000.00    -820.00    -500.00
     -9999     -9999    216.000     12.363    -33.118      0.000      0.000    -90.000
    4.1100         0    1614.83    -779.11    -399.10    2000.00    -822.00    -500.00
     -9999     -9999    273.600     12.362    -33.123      0.000      0.000    -90.000
    4.1200         0    1618.52    -781.51    -400.07    2000.00    -824.00    -500.00
     -9999     -9999    331.200     12.362    -33.127      0.000      0.000    -90.000
    4.1300         0    1622.20    -783.91    -401.03    2000.00    -826.00    -500.00
     -9999     -9999     28.800     12.362    -33.132      0.000      0.000    -90.000
    4.1400         0    1625.88    -786.31    -401.99    2000.00    -828.00    -500.00
     -9999     -9999     86.400     12.362    -33.136      0.000      0.000    -90.000
    4.1500         0    1629.56    -788.72    -402.96    2000.00    -830.00    -500.00
     -9999     -9999    144.000     12.362    -33.141      0.000      0.000    -90.000
    4.1600         0    1633.24    -791.12    -403.92    2000.00    -832.00    -500.00
     -9999     -9999    201.600     12.362    -33.145      0.000      0.000    -90.000
    4.1700         0    1636.92    -793.52    -404.88    2000.00    -834.00    -500.00
     -9999     -9999    259.200     12.361    -33.149      0.000      0.000    -90.000
    4.1800         0    1640.60    -795.93    -405.85    2000.00    -836.00    -500.00
     -9999     -9999    316.800     12.361    -33.153      0.000      0.000    -90.000
    4.1900         0    1644.28    -798.33    -406.81    2000.00    -838.00    -500.00
     -9999     -9999     14.400     12.361    -33.157      0.000      0.000    -90.000
    4.2000         0    1647.96    -800.74    -407.77    2000.00    -840.00    -500.00
     -9999     -9999     72.000     12.361    -33.161      0.000      0.000    -90.000
    4.2100         0    1651.64    -803.14    -408.74    2000.00    -842.00    -500.00
     -9999     -9999    129.600     12.361    -33.165      0.000      0.000    -90.000
    4.2200         0    1655.32    -805.55    -409.70    2000.00    -844.00    -500.00
     -9999     -9999    187.200     12.361    -33.169      0.000      0.000    -90.000
    4.2300         0    1659.00    -807.95    -410.66    2000.00    -846.00    -500.00
     -9999     -9999    244.800     12.361    -33.172      0.000      0.000    -90.000
    4.2400         0    1662.68    -810.36    -411.63    2000.00    -848.00    -500.00
     -9999     -9999    302.400     12.360    -33.176      0.000      0.000    -90.000
    4.2500         0    1666.36    -812.76    -412.59    2000.00    -850.00    -500.00
     -9999     -9999    360.000     12.360    -33.179      0.000      0.000    -90.000
    4.2600         0    1670.04    -815.17    -413.55    2000.00    -852.00    -500.00
     -9999     -9999     57.600     12.360    -33.182      0.000      0.000    -90.000
    4.2700         0    1673.71    -817.57    -414.52    2000.00    -854.00    -500.00
     -9999     -9999    115.200     12.360    -33.186      0.000      0.000    -90.000
    4.2800         0    1677.39    -819.98    -415.48    2000.00    -856.00    -500.00
     -9999     -9999    172.800     12.360    -33.189      0.000      0.000    -90.000
    4.2900         0    1681.07    -822.39    -416.44    2000.00    -858.00    -500.00
     -9999     -9999    230.400     12.360    -33.192      0.000      0.000    -90.000
    4.3000         0    1684.75    -824.79    -417.41    2000.00    -860.00    -500.00
     -9999     -9999    288.000     12.360    -33.195      0.000      0.000    -90.000
    4.3100         0    1688.43    -827.20    -418.37    2000.00    -862.00    -500.00
     -9999     -9999    345.600     12.360    -33.198      0.000      0.000    -90.000
    4.3200         0    1692.11    -829.61    -419.33    2000.00    -864.00    -500.00
     -9999     -9999     43.200     12.360    -33.201      0.000      0.000    -90.000
    4.3300         0    1695.78    -832.01    -420.30    2000.00    -866.00    -500.00
     -9999     -9999    100.800     12.359    -33.204      0.000      0.000    -90.000
    4.3400         0    1699.46    -834.42    -421.26    2000.00    -868.00    -500.00
     -9999     -9999    158.400     12.359    -33.206      0.000      0.000    -90.000
    4.3500         0    1703.14    -836.83    -422.22    2000.00    -870.00    -500.00
     -9999     -9999    216.000     12.359    -33.209      0.000      0.000    -90.000
    4.3600         0    1706.82    -839.23    -423.19    2000.00    -872.00    -500.00
     -9999     -9999    273.600     12.359    -33.212      0.000      0.000    -90.000
    4.3700         0    1710.50    -841.64    -424.15    2000.00    -874.00    -500.00
     -9999     -9999    331.200     12.359    -33.214      0.000      0.000    -90.000
    4.3800         0    1714.17    -844.05    -425.11    2000.00    -876.00    -500.00
     -9999     -9999     28.800     12.359    -33.217      0.000      0.000    -90.000
    4.3900         0    1717.85    -846.46    -426.08    2000.00    -878.00    -500.00
     -9999     -9999     86.400     12.359    -33.219      0.000      0.000    -90.000
    4.4000         0    1721.53    -848.87    -427.04    2000.00    -880.00    -500.00
     -9999     -9999    144.000     12.359    -33.221      0.000      0.000    -90.000
    4.4100         0    1725.21    -851.27    -428.00    2000.00    -882.00    -500.00
     -9999     -9999    201.600     12.359    -33.224      0.000      0.000    -90.000
    4.4200         0    1728.88    -853.68    -428.96    2000.00    -884.00    -500.00
     -9999     -9999    259.200     12.359    -33.226      0.000      0.000    -90.000
    4.4300         0    1732.56    -856.09    -429.93    2000.00    -886.00    -500.00
     -9999     -9999    316.800     12.359    -33.228      0.000      0.000    -90.000
    4.4400         0    1736.24    -858.50    -430.89    2000.00    -888.00    -500.00
     -9999     -9999     14.400     12.358    -33.230      0.000      0.000    -90.000
    4.4500         0    1739.91    -860.91    -431.85    2000.00    -890.00    -500.00
     -9999     -9999     72.000     12.358    -33.232      0.000      0.000    -90.000
    4.4600         0    1743.59    -863.32    -432.82    2000.00    -892.00    -500.00
     -9999     -9999    129.600     12.358    -33.234      0.000      0.000    -90.000
    4.4700         0    1747.27    -865.73    -433.78    2000.00    -894.00    -500.00
     -9999     -9999    187.200     12.358    -33.236      0.000      0.000    -90.000
    4.4800         0    1750.94    -868.14    -434.74    2000.00    -896.00    -500.00
     -9999     -9999    244.800     12.358    -33.238      0.000      0.000    -90.000
    4.4900         0    1754.62    -870.55    -435.71    2000.00    -898.00    -500.00
     -9999     -9999    302.400     12.358    -33.239      0.000      0.000    -90.000
    4.5000         0    1758.30    -872.96    -436.67    2000.00    -900.00    -500.00
     -9999     -9999    360.000     12.358    -33.241      0.000      0.000    -90.000
    4.5100         0    1761.97    -875.37    -437.63    2000.00    -902.00    -500.00
     -9999     -9999     57.600     12.358    -33.243      0.000      0.000    -90.000
    4.5200         0    1765.65    -877.78    -438.60    2000.00    -904.00    -500.00
     -9999     -9999    115.200     12.358    -33.244      0.000      0.000    -90.000
    4.5300         0    1769.33    -880.19    -439.56    2000.00    -906.00    -500.00
     -9999     -9999    172.800     12.358    -33.246      0.000      0.000    -90.000
    4.5400         0    1773.00    -882.60    -440.52    2000.00    -908.00    -500.00
     -9999     -9999    230.400     12.358    -33.247      0.000      0.000    -90.000
    4.5500         0    1776.68    -885.01    -441.48    2000.00    -910.00    -500.00
     -9999     -9999    288.000     12.358    -33.249      0.000      0.000    -90.000
    4.5600         0    1780.35    -887.42    -442.45    2000.00    -912.00    -500.00
     -9999     -9999    345.600     12.358    -33.250      0.000      0.000    -90.000
    4.5700         0    1784.03    -889.83    -443.41    2000.00    -914.00    -500.00
     -9999     -9999     43.200     12.358    -33.251      0.000      0.000    -90.000
    4.5800         0    1787.71    -892.24    -444.37    2000.00    -916.00    -500.00
     -9999     -9999    100.800     12.358    -33.253      0.000      0.000    -90.000
    4.5900         0    1791.38    -894.65    -445.34    2000.00    -918.00    -500.00
     -9999     -9999    158.400     12.358    -33.254      0.000      0.000    -90.000
    4.6000         0    1795.06    -897.06    -446.30    2000.00    -920.00    -500.00
     -9999     -9999    216.000     12.358    -33.255      0.000      0.000    -90.000
    4.6100         0    1798.73    -899.47    -447.26    2000.00    -922.00    -500.00
     -9999     -9999    273.600     12.358    -33.256      0.000      0.000    -90.000
    4.6200         0    1802.41    -901.88    -448.23    2000.00    -924.00    -500.00
     -9999     -9999    331.200     12.357    -33.257      0.000      0.000    -90.000
    4.6300         0    1806.09    -904.29    -449.19    2000.00    -926.00    -500.00
     -9999     -9999     28.800     12.357    -33.258      0.000      0.000    -90.000
    4.6400         0    1809.76    -906.70    -450.15    2000.00    -928.00    -500.00
     -9999     -9999     86.400     12.357    -33.259      0.000      0.000    -90.000
    4.6500         0    1813.44    -909.11    -451.12    2000.00    -930.00    -500.00
     -9999     -9999    144.000     12.357    -33.260      0.000      0.000    -90.000
    4.6600         0    1817.11    -911.52    -452.08    2000.00    -932.00    -500.00
     -9999     -9999    201.600     12.357    -33.261      0.000      0.000    -90.000
    4.6700         0    1820.79    -913.93    -453.04    2000.00    -934.00    -500.00
     -9999     -9999    259.200     12.357    -33.262      0.000      0.000    -90.000
    4.6800         0    1824.46    -916.34    -454.00    2000.00    -936.00    -500.00
     -9999     -9999    316.800     12.357    -33.263      0.000      0.000    -90.000
    4.6900         0    1828.14    -918.75    -454.97    2000.00    -938.00    -500.00
     -9999     -9999     14.400     12.357    -33.264      0.000      0.000    -90.000
    4.7000         0    1831.82    -921.16    -455.93    2000.00    -940.00    -500.00
     -9999     -9999     72.000     12.357    -33.264      0.000      0.000    -90.000
    4.7100         0    1835.49    -923.58    -456.89    2000.00    -942.00    -500.00
     -9999     -9999    129.600     12.357    -33.265      0.000      0.000    -90.000
    4.7200         0    1839.17    -925.99    -457.86    2000.00    -944.00    -500.00
     -9999     -9999    187.200     12.357    -33.266      0.000      0.000    -90.000
    4.7300         0    1842.84    -928.40    -458.82    2000.00    -946.00    -500.00
     -9999     -9999    244.800     12.357    -33.266      0.000      0.000    -90.000
    4.7400         0    1846.52    -930.81    -459.78    2000.00    -948.00    -500.00
     -9999     -9999    302.400     12.357    -33.267      0.000      0.000    -90.000
    4.7500         0    1850.19    -933.22    -460.75    2000.00    -950.00    -500.00
     -9999     -9999    360.000     12.357    -33.268      0.000      0.000    -90.000
    4.7600         0    1853.87    -935.63    -461.71    2000.00    -952.00    -500.00
     -9999     -9999     57.600     12.357    -33.268      0.000      0.000    -90.000
    4.7700         0    1857.54    -938.04    -462.67    2000.00    -954.00    -500.00
     -9999     -9999    115.200     12.357    -33.269      0.000      0.000    -90.000
    4.7800         0    1861.22    -940.45    -463.63    2000.00    -956.00    -500.00
     -9999     -9999    172.800     12.357    -33.269      0.000      0.000    -90.000
    4.7900         0    1864.89    -942.87    -464.60    2000.00    -958.00    -500.00
     -9999     -9999    230.400     12.357    -33.270      0.000      0.000    -90.000
    4.8000         0    1868.57    -945.28    -465.56    2000.00    -960.00    -500.00
     -9999     -9999    288.000     12.357    -33.270      0.000      0.000    -90.000
    4.8100         0    1872.24    -947.69    -466.52    2000.00    -962.00    -500.00
     -9999     -9999    345.600     12.357    -33.270      0.000      0.000    -90.000
    4.8200         0    1875.92    -950.10    -467.49    2000.00    -964.00    -500.00
     -9999     -9999     43.200     12.357    -33.271      0.000      0.000    -90.000
    4.8300         0    1879.59    -952.51    -468.45    2000.00    -966.00    -500.00
     -9999     -9999    100.800     12.357    -33.271      0.000      0.000    -90.000
    4.8400         0    1883.27    -954.92    -469.41    2000.00    -968.00    -500.00
     -9999     -9999    158.400     12.357    -33.272      0.000      0.000    -90.000
    4.8500         0    1886.94    -957.33    -470.38    2000.00    -970.00    -500.00
     -9999     -9999    216.000     12.357    -33.272      0.000      0.000    -90.000
    4.8600         0    1890.62    -959.75    -471.34    2000.00    -972.00    -500.00
     -9999     -9999    273.600     12.357    -33.272      0.000      0.000    -90.000
    4.8700         0    1894.30    -962.16    -472.30    2000.00    -974.00    -500.00
     -9999     -9999    331.200     12.357    -33.272      0.000      0.000    -90.000
    4.8800         0    1897.97    -964.57    -473.26    2000.00    -976.00    -500.00
     -9999     -9999     28.800     12.357    -33.273      0.000      0.000    -90.000
    4.8900         0    1901.65    -966.98    -474.23    2000.00    -978.00    -500.00
     -9999     -9999     86.400     12.357    -33.273      0.000      0.000    -90.000
    4.9000         0    1905.32    -969.39    -475.19    2000.00    -980.00    -500.00
     -9999     -9999    144.000     12.357    -33.273      0.000      0.000    -90.000
    4.9100         0    1909.00    -971.80    -476.15    2000.00    -982.00    -500.00
     -9999     -9999    201.600     12.357    -33.273      0.000      0.000    -90.000
    4.9200         0    1912.67    -974.22    -477.12    2000.00    -984.00    -500.00
     -9999     -9999    259.200     12.357    -33.274      0.000      0.000    -90.000
    4.9300         0    1916.35    -976.63    -478.08    2000.00    -986.00    -500.00
     -9999     -9999    316.800     12.357    -33.274      0.000      0.000    -90.000
    4.9400         0    1920.02    -979.04    -479.04    2000.00    -988.00    -500.00
     -9999     -9999     14.400     12.357    -33.274      0.000      0.000    -90.000
    4.9500         0    1923.70    -981.45    -480.01    2000.00    -990.00    -500.00
     -9999     -9999     72.000     12.357    -33.274      0.000      0.000    -90.000
    4.9600         0    1927.37    -983.86    -480.97    2000.00    -992.00    -500.00
     -9999     -9999    129.600     12.357    -33.274      0.000      0.000    -90.000
    4.9700         0    1931.05    -986.27    -481.93    2000.00    -994.00    -500.00
     -9999     -9999    187.200     12.357    -33.274      0.000      0.000    -90.000
    4.9800         0    1934.72    -988.69    -482.89    2000.00    -996.00    -500.00
     -9999     -9999    244.800     12.357    -33.274      0.000      0.000    -90.000
    4.9900         0    1938.40    -991.10    -483.86    2000.00    -998.00    -500.00
     -9999     -9999    302.400     12.357    -33.274      0.000      0.000    -90.000
    5.0000         0    1942.07    -993.51    -484.82    2000.00   -1000.00    -500.00
     -9999     -9999      0.000     12.357    -33.274      0.000      0.000    -90.000
    5.0100         0    1945.75    -995.92    -485.78    2000.00   -1002.00    -500.00
     -9999     -9999     57.600     12.357    -33.274      0.000      0.000    -90.000
    5.0200         0    1949.42    -998.33    -486.75    2000.00   -1004.00    -500.00
     -9999     -9999    115.200     12.357    -33.275      0.000      0.000    -90.000
    5.0300         0    1953.10   -1000.75    -487.71    2000.00   -1006.00    -500.00
     -9999     -9999    172.800     12.357    -33.275      0.000      0.000    -90.000
    5.0400         0    1956.77   -1003.16    -488.67    2000.00   -1008.00    -500.00
     -9999     -9999    230.400     12.357    -33.275      0.000      0.000    -90.000
    5.0500         0    1960.45   -1005.57    -489.64    2000.00   -1010.00    -500.00
     -9999     -9999    288.000     12.357    -33.275      0.000      0.000    -90.000
    5.0600         0    1964.12   -1007.98    -490.60    2000.00   -1012.00    -500.00
     -9999     -9999    345.600     12.357    -33.275      0.000      0.000    -90.000
    5.0700         0    1967.80   -1010.39    -491.56    2000.00   -1014.00    -500.00
     -9999     -9999     43.200     12.357    -33.275      0.000      0.000    -90.000
    5.0800         0    1971.47   -1012.80    -492.52    2000.00   -1016.00    -500.00
     -9999     -9999    100.800     12.357    -33.275      0.000      0.000    -90.000
    5.0900         0    1975.15   -1015.22    -493.49    2000.00   -1018.00    -500.00
     -9999     -9999    158.400     12.357    -33.275      0.000      0.000    -90.000
    5.1000         0    1978.82   -1017.63    -494.45    2000.00   -1020.00    -500.00
     -9999     -9999    216.000     12.357    -33.275      0.000      0.000    -90.000
    5.1100         0    1982.50   -1020.04    -495.41    2000.00   -1022.00    -500.00
     -9999     -9999    273.600     12.357    -33.275      0.000      0.000    -90.000
    5.1200         0    1986.17   -1022.45    -496.38    2000.00   -1024.00    -500.00
     -9999     -9999    331.200     12.357    -33.275      0.000      0.000    -90.000
    5.1300         0    1989.85   -1024.86    -497.34    2000.00   -1026.00    -500.00
     -9999     -9999     28.800     12.357    -33.275      0.000      0.000    -90.000
    5.1400         0    1993.52   -1027.27    -498.30    2000.00   -1028.00    -500.00
     -9999     -9999     86.400     12.357    -33.275      0.000      0.000    -90.000
    5.1500         0    1997.20   -1029.69    -499.27    2000.00   -1030.00    -500.00
     -9999     -9999    144.000     12.357    -33.275      0.000      0.000    -90.000
    5.1576         0    1999.99   -1031.52    -500.00    2000.00   -1031.52    -500.00
     -9999     -9999    187.776     12.357    -33.275      0.000      0.000    -90.000
    5.1776        -1    1999.99   -1031.52    -500.00    2000.00   -1031.52    -500.00
     -9999     -9999    187.776     12.357    -33.275      0.000      0.000    -90.000
