    0.0000         0       0.00      -0.00      -2.00    2000.00      -0.00    -500.00
     -9999     -9999      0.000     12.000    -10.000    -63.435      0.000    -90.000
    0.0100         0       4.33      -0.77      -2.94    2000.00      -2.00    -500.00
     -9999     -9999     57.600     12.007    -10.102    -63.435      0.000    -90.056
    0.0200         0       8.67      -1.54      -3.87    2000.00      -4.00    -500.00
     -9999     -9999    115.200     12.014    -10.204    -63.435      0.000    -90.112
    0.0300         0      13.00      -2.33      -4.81    1999.99      -6.00    -500.00
     -9999     -9999    172.800     12.021    -10.306    -63.435      0.000    -90.169
    0.0400         0      17.33      -3.12      -5.75    1999.98      -8.00    -500.00
     -9999     -9999    230.400     12.027    -10.408    -63.435      0.000    -90.225
    0.0500         0      21.66      -3.92      -6.68    1999.98     -10.00    -500.00
     -9999     -9999    288.000     12.034    -10.509    -63.435      0.000    -90.281
    0.0600         0      25.98      -4.72      -7.62    1999.96     -12.00    -500.00
     -9999     -9999    345.600     12.041    -10.611    -63.435      0.000    -90.337
    0.0700         0      30.31      -5.54      -8.56    1999.95     -14.00    -500.00
     -9999     -9999     43.200     12.048    -10.713    -63.435      0.000    -90.393
    0.0800         0      34.63      -6.36      -9.50    1999.94     -16.00    -500.00
     -9999     -9999    100.800     12.055    -10.815    -63.435      0.000    -90.450
    0.0900         0      38.95      -7.19     -10.44    1999.92     -18.00    -500.00
     -9999     -9999    158.400     12.062    -10.917    -63.435      0.000    -90.506
    0.1000         0      43.27      -8.03     -11.38    1999.90     -20.00    -500.00
     -9999     -9999    216.000     12.068    -11.019    -63.435      0.000    -90.562
    0.1100         0      47.59      -8.87     -12.32    1999.88     -22.00    -500.00
     -9999     -9999    273.600     12.075    -11.121    -63.435      0.000    -90.618
    0.1200         0      51.91      -9.72     -13.27    1999.86     -24.00    -500.00
     -9999     -9999    331.200     12.082    -11.223    -63.435      0.000    -90.674
    0.1300         0      56.22     -10.59     -14.21    1999.83     -26.00    -500.00
     -9999     -9999     28.800     12.089    -11.325    -63.435      0.000    -90.730
    0.1400         0      60.54     -11.45     -15.15    1999.81     -28.00    -500.00
     -9999     -9999     86.400     12.096    -11.427    -63.435      0.000    -90.787
    0.1500         0      64.85     -12.33     -16.09    1999.78     -30.00    -500.00
     -9999     -9999    144.000     12.102    -11.529    -63.435      0.000    -90.843
    0.1600         0      69.16     -13.21     -17.04    1999.75     -32.00    -500.00
     -9999     -9999    201.600     12.109    -11.630    -63.435      0.000    -90.899
    0.1700         0      73.47     -14.10     -17.98    1999.72     -34.00    -500.00
     -9999     -9999    259.200     12.116    -11.732    -63.435      0.000    -90.955
    0.1800         0      77.77     -15.00     -18.93    1999.68     -36.00    -500.00
     -9999     -9999    316.800     12.123    -11.834    -63.435      0.000    -91.011
    0.1900         0      82.08     -15.91     -19.87    1999.65     -38.00    -500.00
     -9999     -9999     14.400     12.129    -11.936    -63.435      0.000    -91.068
    0.2000         0      86.38     -16.82     -20.82    1999.61     -40.00    -500.00
     -9999     -9999     72.000     12.136    -12.038    -63.435      0.000    -91.124
    0.2100         0      90.69     -17.74     -21.76    1999.57     -42.00    -500.00
     -9999     -9999    129.600     12.143    -12.140    -63.435      0.000    -91.180
    0.2200         0      94.99     -18.67     -22.71    1999.53     -44.00    -500.00
     -9999     -9999    187.200     12.150    -12.242    -63.435      0.000    -91.236
    0.2300         0      99.28     -19.61     -23.66    1999.48     -46.00    -500.00
     -9999     -9999    244.800     12.156    -12.344    -63.435      0.000    -91.292
    0.2400         0     103.58     -20.55     -24.61    1999.44     -48.00    -500.00
     -9999     -9999    302.400     12.163    -12.446    -63.435      0.000    -91.349
    0.2500         0     107.88     -21.50     -25.55    1999.39     -49.99    -500.00
     -9999     -9999      0.000     12.170    -12.548    -63.435      0.000    -91.405
    0.2600         0     112.17     -22.46     -26.50    1999.34     -51.99    -500.00
     -9999     -9999     57.600     12.176    -12.650    -63.435      0.000    -91.461
    0.2700         0     116.46     -23.43     -27.45    1999.29     -53.99    -500.00
     -9999     -9999    115.200     12.183    -12.752    -63.435      0.000    -91.517
    0.2800         0     120.75     -24.41     -28.40    1999.23     -55.99    -500.00
     -9999     -9999    172.800     12.190    -12.854    -63.435      0.000    -91.573
    0.2900         0     125.04     -25.39     -29.35    1999.18     -57.99    -500.00
     -9999     -9999    230.400     12.197    -12.956    -63.435      0.000    -91.629
    0.3000         0     129.32     -26.38     -30.30    1999.12     -59.99    -500.00
     -9999     -9999    288.000     12.203    -13.058    -63.435      0.000    -91.686
    0.3100         0     133.60     -27.38     -31.25    1999.06     -61.99    -500.00
     -9999     -9999    345.600     12.210    -13.160    -63.435      0.000    -91.742
    0.3200         0     137.89     -28.38     -32.21    1999.00     -63.99    -500.00
     -9999     -9999     43.200     12.217    -13.262    -63.435      0.000    -91.798
    0.3300         0     142.17     -29.39     -33.16    1998.93     -65.99    -500.00
     -9999     -9999    100.800     12.223    -13.364    -63.435      0.000    -91.854
    0.3400         0     146.44     -30.41     -34.11    1998.87     -67.99    -500.00
     -9999     -9999    158.400     12.230    -13.466    -63.435      0.000    -91.910
    0.3500         0     150.72     -31.44     -35.07    1998.80     -69.99    -500.00
     -9999     -9999    216.000     12.237    -13.568    -63.435      0.000    -91.967
    0.3600         0     154.99     -32.48     -36.02    1998.73     -71.99    -500.00
     -9999     -9999    273.600     12.243    -13.670    -63.435      0.000    -92.023
    0.3700         0     159.27     -33.52     -36.97    1998.66     -73.98    -500.00
     -9999     -9999    331.200     12.250    -13.772    -63.435      0.000    -92.079
    0.3800         0     163.54     -34.57     -37.93    1998.58     -75.98    -500.00
     -9999     -9999     28.800     12.257    -13.874    -63.435      0.000    -92.135
    0.3900         0     167.80     -35.63     -38.89    1998.51     -77.98    -500.00
     -9999     -9999     86.400     12.263    -13.976    -63.435      0.000    -92.191
    0.4000         0     172.07     -36.69     -39.84    1998.43     -79.98    -500.00
     -9999     -9999    144.000     12.270    -14.078    -63.435      0.000    -92.248
    0.4100         0     176.34     -37.77     -40.80    1998.35     -81.98    -500.00
     -9999     -9999    201.600     12.277    -14.180    -63.435      0.000    -92.304
    0.4200         0     180.60     -38.85     -41.75    1998.27     -83.98    -500.00
     -9999     -9999    259.200     12.283    -14.282    -63.435      0.000    -92.360
    0.4300         0     184.86     -39.94     -42.71    1998.19     -85.97    -500.00
     -9999     -9999    316.800     12.290    -14.384    -63.435      0.000    -92.416
    0.4400         0     189.12     -41.03     -43.67    1998.10     -87.97    -500.00
     -9999     -9999     14.400     12.297    -14.486    -63.435      0.000    -92.472
    0.4500         0     193.37     -42.14     -44.63    1998.01     -89.97    -500.00
     -9999     -9999     72.000     12.303    -14.588    -63.435      0.000    -92.528
    0.4600         0     197.63     -43.25     -45.59    1997.93     -91.97    -500.00
     -9999     -9999    129.600     12.310    -14.690    -63.435      0.000    -92.585
    0.4700         0     201.88     -44.37     -46.55    1997.83     -93.97    -500.00
     -9999     -9999    187.200     12.317    -14.792    -63.435      0.000    -92.641
    0.4800         0     206.13     -45.49     -47.51    1997.74     -95.96    -500.00
     -9999     -9999    244.800     12.323    -14.894    -63.435      0.000    -92.697
    0.4900         0     210.37     -46.63     -48.47    1997.65     -97.96    -500.00
     -9999     -9999    302.400     12.330    -14.996    -63.435      0.000    -92.753
    0.5000         0     214.62     -47.77     -49.43    1997.55     -99.96    -500.00
     -9999     -9999      0.000     12.337    -15.098    -63.435      0.000    -92.809
    0.5100         0     218.86     -48.92     -50.39    1997.45    -101.96    -500.00
     -9999     -9999     57.600     12.343    -15.200    -63.435      0.000    -92.866
    0.5200         0     223.10     -50.07     -51.35    1997.35    -103.95    -500.00
     -9999     -9999    115.200     12.350    -15.302    -63.435      0.000    -92.922
    0.5300         0     227.34     -51.24     -52.32    1997.25    -105.95    -500.00
     -9999     -9999    172.800     12.357    -15.404    -63.435      0.000    -92.978
    0.5400         0     231.58     -52.41     -53.28    1997.14    -107.95    -500.00
     -9999     -9999    230.400     12.363    -15.506    -63.435      0.000    -93.034
    0.5500         0     235.81     -53.59     -54.24    1997.03    -109.95    -500.00
     -9999     -9999    288.000     12.370    -15.608    -63.435      0.000    -93.090
    0.5600         0     240.05     -54.77     -55.21    1996.93    -111.94    -500.00
     -9999     -9999    345.600     12.377    -15.710    -63.435      0.000    -93.147
    0.5700         0     244.28     -55.97     -56.17    1996.81    -113.94    -500.00
     -9999     -9999     43.200     12.383    -15.812    -63.435      0.000    -93.203
    0.5800         0     248.50     -57.17     -57.14    1996.70    -115.94    -500.00
     -9999     -9999    100.800     12.390    -15.914    -63.435      0.000    -93.259
    0.5900         0     252.73     -58.38     -58.10    1996.59    -117.93    -500.00
     -9999     -9999    158.400     12.397    -16.016    -63.435      0.000    -93.315
    0.6000         0     256.95     -59.59     -59.07    1996.47    -119.93    -500.00
     -9999     -9999    216.000     12.403    -16.118    -63.435      0.000    -93.371
    0.6100         0     261.17     -60.82     -60.04    1996.35    -121.93    -500.00
     -9999     -9999    273.600     12.410    -16.220    -63.435      0.000    -93.427
    0.6200         0     265.39     -62.05     -61.00    1996.23    -123.92    -500.00
     -9999     -9999    331.200     12.417    -16.322    -63.435      0.000    -93.484
    0.6300         0     269.61     -63.29     -61.97    1996.11    -125.92    -500.00
     -9999     -9999     28.800     12.423    -16.424    -63.435      0.000    -93.540
    0.6400         0     273.82     -64.53     -62.94    1995.98    -127.92    -500.00
     -9999     -9999     86.400     12.430    -16.526    -63.435      0.000    -93.596
    0.6500         0     278.04     -65.79     -63.91    1995.86    -129.91    -500.00
     -9999     -9999    144.000     12.437    -16.628    -63.435      0.000    -93.652
    0.6600         0     282.25     -67.05     -64.88    1995.73    -131.91    -500.00
     -9999     -9999    201.600     12.443    -16.730    -63.435      0.000    -93.708
    0.6700         0     286.45     -68.32     -65.85    1995.60    -133.90    -500.00
     -9999     -9999    259.200     12.450    -16.832    -63.435      0.000    -93.765
    0.6800         0     290.66     -69.59     -66.82    1995.47    -135.90    -500.00
     -9999     -9999    316.800     12.457    -16.935    -63.435      0.000    -93.821
    0.6900         0     294.86     -70.88     -67.79    1995.33    -137.89    -500.00
     -9999     -9999     14.400     12.463    -17.037    -63.435      0.000    -93.877
    0.7000         0     299.06     -72.17     -68.76    1995.20    -139.89    -500.00
     -9999     -9999     72.000     12.470    -17.139    -63.435      0.000    -93.933
    0.7100         0     303.26     -73.47     -69.73    1995.06    -141.89    -500.00
     -9999     -9999    129.600     12.477    -17.241    -63.435      0.000    -93.989
    0.7200         0     307.45     -74.77     -70.71    1994.92    -143.88    -500.00
     -9999     -9999    187.200     12.484    -17.343    -63.435      0.000    -94.046
    0.7300         0     311.64     -76.09     -71.68    1994.78    -145.88    -500.00
     -9999     -9999    244.800     12.490    -17.445    -63.435      0.000    -94.102
    0.7400         0     315.83     -77.41     -72.65    1994.63    -147.87    -500.00
     -9999     -9999    302.400     12.497    -17.547    -63.435      0.000    -94.158
    0.7500         0     320.02     -78.74     -73.63    1994.49    -149.86    -500.00
     -9999     -9999      0.000     12.504    -17.649    -63.435      0.000    -94.214
    0.7600         0     324.21     -80.07     -74.60    1994.34    -151.86    -500.00
     -9999     -9999     57.600     12.511    -17.751    -63.435      0.000    -94.270
    0.7700         0     328.39     -81.41     -75.58    1994.19    -153.85    -500.00
     -9999     -9999    115.200     12.517    -17.853    -63.435      0.000    -94.326
    0.7800         0     332.57     -82.76     -76.55    1994.04    -155.85    -500.00
     -9999     -9999    172.800     12.524    -17.955    -63.435      0.000    -94.383
    0.7900         0     336.75     -84.12     -77.53    1993.88    -157.84    -500.00
     -9999     -9999    230.400     12.531    -18.057    -63.435      0.000    -94.439
    0.8000         0     340.92     -85.49     -78.50    1993.73    -159.84    -500.00
     -9999     -9999    288.000     12.538    -18.159    -63.435      0.000    -94.495
    0.8100         0     345.10     -86.86     -79.48    1993.57    -161.83    -500.00
     -9999     -9999    345.600     12.544    -18.262    -63.435      0.000    -94.551
    0.8200         0     349.27     -88.24     -80.46    1993.41    -163.82    -500.00
     -9999     -9999     43.200     12.551    -18.364    -63.435      0.000    -94.607
    0.8300         0     353.43     -89.63     -81.44    1993.25    -165.82    -500.00
     -9999     -9999    100.800     12.558    -18.466    -63.435      0.000    -94.664
    0.8400         0     357.60     -91.02     -82.42    1993.08    -167.81    -500.00
     -9999     -9999    158.400     12.565    -18.568    -63.435      0.000    -94.720
    0.8500         0     361.76     -92.43     -83.39    1992.92    -169.80    -500.00
     -9999     -9999    216.000     12.572    -18.670    -63.435      0.000    -94.776
    0.8600         0     365.92     -93.84     -84.37    1992.75    -171.80    -500.00
     -9999     -9999    273.600     12.578    -18.772    -63.435      0.000    -94.832
    0.8700         0     370.08     -95.25     -85.35    1992.58    -173.79    -500.00
     -9999     -9999    331.200     12.585    -18.874    -63.435      0.000    -94.888
    0.8800         0     374.23     -96.68     -86.34    1992.41    -175.78    -500.00
     -9999     -9999     28.800     12.592    -18.976    -63.435      0.000    -94.945
    0.8900         0     378.38     -98.11     -87.32    1992.24    -177.77    -500.00
     -9999     -9999     86.400     12.599    -19.078    -63.435      0.000    -95.001
    0.9000         0     382.53     -99.55     -88.30    1992.06    -179.77    -500.00
     -9999     -9999    144.000     12.606    -19.181    -63.435      0.000    -95.057
    0.9100         0     386.68    -100.99     -89.28    1991.88    -181.76    -500.00
     -9999     -9999    201.600     12.613    -19.283    -63.435      0.000    -95.113
    0.9200         0     390.82    -102.45     -90.26    1991.71    -183.75    -500.00
     -9999     -9999    259.200     12.620    -19.385    -63.435      0.000    -95.169
    0.9300         0     394.96    -103.91     -91.25    1991.52    -185.74    -500.00
     -9999     -9999    316.800     12.626    -19.487    -63.435      0.000    -95.225
    0.9400         0     399.10    -105.38     -92.23    1991.34    -187.73    -500.00
     -9999     -9999     14.400     12.633    -19.589    -63.435      0.000    -95.282
    0.9500         0     403.24    -106.85     -93.22    1991.16    -189.73    -500.00
     -9999     -9999     72.000     12.640    -19.691    -63.435      0.000    -95.338
    0.9600         0     407.37    -108.34     -94.20    1990.97    -191.72    -500.00
     -9999     -9999    129.600     12.647    -19.793    -63.435      0.000    -95.394
    0.9700         0     411.50    -109.83     -95.19    1990.78    -193.71    -500.00
     -9999     -9999    187.200     12.654    -19.895    -63.435      0.000    -95.450
    0.9800         0     415.63    -111.33     -96.17    1990.59    -195.70    -500.00
     -9999     -9999    244.800     12.661    -19.997    -63.435      0.000    -95.506
    0.9900         0     419.75    -112.83     -97.16    1990.40    -197.69    -500.00
     -9999     -9999    302.400     12.668    -20.100    -63.435      0.000    -95.563
    1.0000         0     423.87    -114.34     -98.15    1990.20    -199.68    -500.00
     -9999     -9999      0.000     12.675    -20.202    -63.435      0.000    -95.619
    1.0100         0     427.99    -115.86     -99.13    1990.00    -201.67    -500.00
     -9999     -9999     57.600     12.682    -20.304    -63.435      0.000    -95.675
    1.0200         0     432.11    -117.39    -100.12    1989.81    -203.66    -500.00
     -9999     -9999    115.200     12.689    -20.406    -63.435      0.000    -95.731
    1.0300         0     436.22    -118.92    -101.11    1989.60    -205.65    -500.00
     -9999     -9999    172.800     12.696    -20.508    -63.435      0.000    -95.787
    1.0400         0     440.33    -120.47    -102.10    1989.40    -207.64    -500.00
     -9999     -9999    230.400     12.703    -20.610    -63.435      0.000    -95.844
    1.0500         0     444.44    -122.01    -103.09    1989.20    -209.63    -500.00
     -9999     -9999    288.000     12.710    -20.711    -63.435      0.000    -95.900
    1.0600         0     448.54    -123.57    -104.08    1988.99    -211.62    -500.00
     -9999     -9999    345.600     12.717    -20.811    -63.435      0.000    -95.956
    1.0700         0     452.65    -125.13    -105.07    1988.78    -213.61    -500.00
     -9999     -9999     43.200     12.724    -20.911    -63.435      0.000    -96.012
    1.0800         0     456.75    -126.70    -106.06    1988.57    -215.60    -500.00
     -9999     -9999    100.800     12.731    -21.011    -63.435      0.000    -96.068
    1.0900         0     460.84    -128.28    -107.05    1988.36    -217.59    -500.00
     -9999     -9999    158.400     12.738    -21.110    -63.435      0.000    -96.124
    1.1000         0     464.93    -129.87    -108.05    1988.15    -219.57    -500.00
     -9999     -9999    216.000     12.745    -21.208    -63.435      0.000    -96.181
    1.1100         0     469.03    -131.46    -109.04    1987.93    -221.56    -500.00
     -9999     -9999    273.600     12.752    -21.306    -63.435      0.000    -96.237
    1.1200         0     473.11    -133.05    -110.03    1987.71    -223.55    -500.00
     -9999     -9999    331.200     12.759    -21.403    -63.435      0.000    -96.293
    1.1300         0     477.20    -134.66    -111.03    1987.49    -225.54    -500.00
     -9999     -9999     28.800     12.766    -21.500    -63.435      0.000    -96.349
    1.1400         0     481.28    -136.27    -112.02    1987.27    -227.53    -500.00
     -9999     -9999     86.400     12.773    -21.597    -63.435      0.000    -96.405
    1.1500         0     485.36    -137.89    -113.02    1987.04    -229.51    -500.00
     -9999     -9999    144.000     12.780    -21.692    -63.435      0.000    -96.462
    1.1600         0     489.43    -139.52    -114.01    1986.82    -231.50    -500.00
     -9999     -9999    201.600     12.787    -21.788    -63.435      0.000    -96.518
    1.1700         0     493.51    -141.15    -115.01    1986.59    -233.49    -500.00
     -9999     -9999    259.200     12.793    -21.882    -63.435      0.000    -96.574
    1.1800         0     497.58    -142.79    -116.01    1986.36    -235.47    -500.00
     -9999     -9999    316.800     12.800    -21.977    -63.435      0.000    -96.630
    1.1900         0     501.65    -144.43    -117.00    1986.13    -237.46    -500.00
     -9999     -9999     14.400     12.807    -22.070    -63.435      0.000    -96.686
    1.2000         0     505.71    -146.08    -118.00    1985.89    -239.45    -500.00
     -9999     -9999     72.000     12.814    -22.164    -63.435      0.000    -96.743
    1.2100         0     509.77    -147.74    -119.00    1985.66    -241.43    -500.00
     -9999     -9999    129.600     12.821    -22.256    -63.435      0.000    -96.799
    1.2200         0     513.83    -149.41    -120.00    1985.42    -243.42    -500.00
     -9999     -9999    187.200     12.828    -22.348    -63.435      0.000    -96.855
    1.2300         0     517.89    -151.08    -121.00    1985.18    -245.40    -500.00
     -9999     -9999    244.800     12.834    -22.440    -63.435      0.000    -96.911
    1.2400         0     521.94    -152.76    -122.00    1984.94    -247.39    -500.00
     -9999     -9999    302.400     12.841    -22.531    -63.435      0.000    -96.967
    1.2500         0     526.00    -154.44    -123.00    1984.70    -249.37    -500.00
     -9999     -9999    360.000     12.848    -22.622    -63.435      0.000    -97.023
    1.2600         0     530.04    -156.13    -124.00    1984.45    -251.36    -500.00
     -9999     -9999     57.600     12.855    -22.712    -63.435      0.000    -97.080
    1.2700         0     534.09    -157.83    -125.00    1984.20    -253.34    -500.00
     -9999     -9999    115.200     12.861    -22.802    -63.435      0.000    -97.136
    1.2800         0     538.13    -159.53    -126.00    1983.95    -255.33    -500.00
     -9999     -9999    172.800     12.868    -22.891    -63.435      0.000    -97.192
    1.2900         0     542.17    -161.24    -127.00    1983.70    -257.31    -500.00
     -9999     -9999    230.400     12.875    -22.980    -63.435      0.000    -97.248
    1.3000         0     546.21    -162.96    -128.01    1983.45    -259.30    -500.00
     -9999     -9999    288.000     12.882    -23.068    -63.435      0.000    -97.304
    1.3100         0     550.24    -164.68    -129.01    1983.19    -261.28    -500.00
     -9999     -9999    345.600     12.889    -23.155    -63.435      0.000    -97.361
    1.3200         0     554.28    -166.41    -130.02    1982.94    -263.26    -500.00
     -9999     -9999     43.200     12.895    -23.243    -63.435      0.000    -97.417
    1.3300         0     558.31    -168.14    -131.02    1982.68    -265.25    -500.00
     -9999     -9999    100.800     12.902    -23.329    -63.435      0.000    -97.473
    1.3400         0     562.33    -169.88    -132.02    1982.42    -267.23    -500.00
     -9999     -9999    158.400     12.909    -23.415    -63.435      0.000    -97.529
    1.3500         0     566.36    -171.63    -133.03    1982.15    -269.21    -500.00
     -9999     -9999    216.000     12.916    -23.501    -63.435      0.000    -97.585
    1.3600         0     570.38    -173.38    -134.04    1981.89    -271.19    -500.00
     -9999     -9999    273.600     12.922    -23.586    -63.435      0.000    -97.642
    1.3700         0     574.40    -175.14    -135.04    1981.62    -273.18    -500.00
     -9999     -9999    331.200     12.929    -23.671    -63.435      0.000    -97.698
    1.3800         0     578.41    -176.90    -136.05    1981.35    -275.16    -500.00
     -9999     -9999     28.800     12.936    -23.755    -63.435      0.000    -97.754
    1.3900         0     582.42    -178.67    -137.06    1981.08    -277.14    -500.00
     -9999     -9999     86.400     12.943    -23.839    -63.435      0.000    -97.810
    1.4000         0     586.43    -180.45    -138.07    1980.81    -279.12    -500.00
     -9999     -9999    144.000     12.949    -23.922    -63.435      0.000    -97.866
    1.4100         0     590.44    -182.23    -139.07    1980.53    -281.10    -500.00
     -9999     -9999    201.600     12.956    -24.005    -63.435      0.000    -97.923
    1.4200         0     594.45    -184.02    -140.08    1980.26    -283.08    -500.00
     -9999     -9999    259.200     12.963    -24.087    -63.435      0.000    -97.979
    1.4300         0     598.45    -185.81    -141.09    1979.98    -285.06    -500.00
     -9999     -9999    316.800     12.970    -24.169    -63.435      0.000    -98.035
    1.4400         0     602.45    -187.61    -142.10    1979.70    -287.04    -500.00
     -9999     -9999     14.400     12.976    -24.250    -63.435      0.000    -98.091
    1.4500         0     606.44    -189.41    -143.11    1979.42    -289.02    -500.00
     -9999     -9999     72.000     12.983    -24.331    -63.435      0.000    -98.147
    1.4600         0     610.44    -191.22    -144.13    1979.13    -291.00    -500.00
     -9999     -9999    129.600     12.990    -24.412    -63.435      0.000    -98.203
    1.4700         0     614.43    -193.03    -145.14    1978.85    -292.98    -500.00
     -9999     -9999    187.200     12.997    -24.492    -63.435      0.000    -98.260
    1.4800         0     618.42    -194.86    -146.15    1978.56    -294.96    -500.00
     -9999     -9999    244.800     13.003    -24.571    -63.435      0.000    -98.316
    1.4900         0     622.41    -196.68    -147.16    1978.27    -296.94    -500.00
     -9999     -9999    302.400     13.010    -24.650    -63.435      0.000    -98.372
    1.5000         0     626.39    -198.51    -148.18    1977.97    -298.92    -500.00
     -9999     -9999    360.000     13.017    -24.728    -63.435      0.000    -98.428
    1.5100         0     630.37    -200.35    -149.19    1977.68    -300.90    -500.00
     -9999     -9999     57.600     13.024    -24.806    -63.435      0.000    -98.484
    1.5200         0     634.35    -202.19    -150.20    1977.38    -302.88    -500.00
     -9999     -9999    115.200     13.031    -24.884    -63.435      0.000    -98.541
    1.5300         0     638.32    -204.04    -151.22    1977.09    -304.85    -500.00
     -9999     -9999    172.800     13.037    -24.961    -63.435      0.000    -98.597
    1.5400         0     642.30    -205.89    -152.23    1976.79    -306.83    -500.00
     -9999     -9999    230.400     13.044    -25.038    -63.435      0.000    -98.653
    1.5500         0     646.27    -207.75    -153.25    1976.48    -308.81    -500.00
     -9999     -9999    288.000     13.051    -25.114    -63.435      0.000    -98.709
    1.5600         0     650.24    -209.61    -154.27    1976.18    -310.78    -500.00
     -9999     -9999    345.600     13.058    -25.189    -63.435      0.000    -98.765
    1.5700         0     654.20    -211.48    -155.28    1975.88    -312.76    -500.00
     -9999     -9999     43.200     13.065    -25.265    -63.435      0.000    -98.822
    1.5800         0     658.16    -213.35    -156.30    1975.57    -314.74    -500.00
     -9999     -9999    100.800     13.072    -25.339    -63.435      0.000    -98.878
    1.5900         0     662.13    -215.23    -157.32    1975.26    -316.71    -500.00
     -9999     -9999    158.400     13.078    -25.414    -63.435      0.000    -98.934
    1.6000         0     666.08    -217.12    -158.34    1974.95    -318.69    -500.00
     -9999     -9999    216.000     13.085    -25.488    -63.435      0.000    -98.990
    1.6100         0     670.04    -219.01    -159.36    1974.63    -320.66    -500.00
     -9999     -9999    273.600     13.092    -25.561    -63.435      0.000    -99.046
    1.6200         0     673.99    -220.90    -160.38    1974.32    -322.64    -500.00
     -9999     -9999    331.200     13.099    -25.634    -63.435      0.000    -99.102
    1.6300         0     677.94    -222.80    -161.40    1974.00    -324.61    -500.00
     -9999     -9999     28.800     13.106    -25.706    -63.435      0.000    -99.159
    1.6400         0     681.89    -224.70    -162.42    1973.68    -326.59    -500.00
     -9999     -9999     86.400     13.113    -25.778    -63.435      0.000    -99.215
    1.6500         0     685.83    -226.61    -163.44    1973.36    -328.56    -500.00
     -9999     -9999    144.000     13.120    -25.850    -63.435      0.000    -99.271
    1.6600         0     689.78    -228.52    -164.46    1973.04    -330.54    -500.00
     -9999     -9999    201.600     13.127    -25.921    -63.435      0.000    -99.327
    1.6700         0     693.72    -230.44    -165.48    1972.71    -332.51    -500.00
     -9999     -9999    259.200     13.134    -25.992    -63.435      0.000    -99.383
    1.6800         0     697.66    -232.36    -166.51    1972.38    -334.48    -500.00
     -9999     -9999    316.800     13.141    -26.062    -63.435      0.000    -99.440
    1.6900         0     701.59    -234.29    -167.53    1972.06    -336.45    -500.00
     -9999     -9999     14.400     13.148    -26.132    -63.435      0.000    -99.496
    1.7000         0     705.52    -236.22    -168.55    1971.72    -338.43    -500.00
     -9999     -9999     72.000     13.155    -26.201    -63.435      0.000    -99.552
    1.7100         0     709.45    -238.16    -169.58    1971.39    -340.40    -500.00
     -9999     -9999    129.600     13.162    -26.270    -63.435      0.000    -99.608
    1.7200         0     713.38    -240.10    -170.60    1971.06    -342.37    -500.00
     -9999     -9999    187.200     13.169    -26.339    -63.435      0.000    -99.664
    1.7300         0     717.31    -242.05    -171.63    1970.72    -344.34    -500.00
     -9999     -9999    244.800     13.176    -26.407    -63.435      0.000    -99.721
    1.7400         0     721.23    -244.00    -172.65    1970.38    -346.31    -500.00
     -9999     -9999    302.400     13.183    -26.474    -63.435      0.000    -99.777
    1.7500         0     725.15    -245.96    -173.68    1970.04    -348.28    -500.00
     -9999     -9999    360.000     13.190    -26.541    -63.435      0.000    -99.833
    1.7600         0     729.07    -247.92    -174.71    1969.70    -350.25    -500.00
     -9999     -9999     57.600     13.197    -26.608    -63.435      0.000    -99.889
    1.7700         0     732.99    -249.88    -175.73    1969.35    -352.23    -500.00
     -9999     -9999    115.200     13.204    -26.674    -63.435      0.000    -99.945
    1.7800         0     736.90    -251.85    -176.76    1969.01    -354.19    -500.00
     -9999     -9999    172.800     13.211    -26.740    -63.435      0.000   -100.001
    1.7900         0     740.81    -253.82    -177.79    1968.66    -356.16    -500.00
     -9999     -9999    230.400     13.219    -26.806    -63.435      0.000   -100.058
    1.8000         0     744.72    -255.80    -178.82    1968.31    -358.13    -500.00
     -9999     -9999    288.000     13.226    -26.871    -63.435      0.000   -100.114
    1.8100         0     748.63    -257.78    -179.85    1967.96    -360.10    -500.00
     -9999     -9999    345.600     13.233    -26.935    -63.435      0.000   -100.170
    1.8200         0     752.53    -259.77    -180.88    1967.60    -362.07    -500.00
     -9999     -9999     43.200     13.240    -26.999    -63.435      0.000   -100.226
    1.8300         0     756.43    -261.76    -181.91    1967.25    -364.04    -500.00
     -9999     -9999    100.800     13.247    -27.063    -63.435      0.000   -100.282
    1.8400         0     760.33    -263.75    -182.94    1966.89    -366.01    -500.00
     -9999     -9999    158.400     13.255    -27.126    -63.435      0.000   -100.339
    1.8500         0     764.23    -265.75    -183.98    1966.53    -367.97    -500.00
     -9999     -9999    216.000     13.262    -27.189    -63.435      0.000   -100.395
    1.8600         0     768.12    -267.76    -185.01    1966.17    -369.94    -500.00
     -9999     -9999    273.600     13.269    -27.251    -63.435      0.000   -100.451
    1.8700         0     772.02    -269.76    -186.04    1965.80    -371.91    -500.00
     -9999     -9999    331.200     13.276    -27.313    -63.435      0.000   -100.507
    1.8800         0     775.91    -271.78    -187.07    1965.44    -373.87    -500.00
     -9999     -9999     28.800     13.284    -27.375    -63.435      0.000   -100.563
    1.8900         0     779.79    -273.79    -188.11    1965.07    -375.84    -500.00
     -9999     -9999     86.400     13.291    -27.436    -63.435      0.000   -100.620
    1.9000         0     783.68    -275.81    -189.14    1964.70    -377.81    -500.00
     -9999     -9999    144.000     13.298    -27.497    -63.435      0.000   -100.676
    1.9100         0     787.56    -277.84    -190.18    1964.33    -379.77    -500.00
     -9999     -9999    201.600     13.306    -27.557    -63.435      0.000   -100.732
    1.9200         0     791.44    -279.86    -191.21    1963.96    -381.74    -500.00
     -9999     -9999    259.200     13.313    -27.617    -63.435      0.000   -100.788
    1.9300         0     795.32    -281.90    -192.25    1963.58    -383.70    -500.00
     -9999     -9999    316.800     13.321    -27.677    -63.435      0.000   -100.844
    1.9400         0     799.20    -283.93    -193.29    1963.20    -385.66    -500.00
     -9999     -9999     14.400     13.328    -27.736    -63.435      0.000   -100.900
    1.9500         0     803.08    -285.97    -194.33    1962.82    -387.63    -500.00
     -9999     -9999     72.000     13.336    -27.794    -63.435      0.000   -100.957
    1.9600         0     806.95    -288.02    -195.36    1962.44    -389.59    -500.00
     -9999     -9999    129.600     13.343    -27.853    -63.435      0.000   -101.013
    1.9700         0     810.82    -290.06    -196.40    1962.06    -391.55    -500.00
     -9999     -9999    187.200     13.351    -27.910    -63.435      0.000   -101.069
    1.9800         0     814.69    -292.11    -197.44    1961.67    -393.52    -500.00
     -9999     -9999    244.800     13.358    -27.968    -63.435      0.000   -101.125
    1.9900         0     818.55    -294.17    -198.48    1961.29    -395.48    -500.00
     -9999     -9999    302.400     13.366    -28.025    -63.435      0.000   -101.181
    2.0000         0     822.42    -296.23    -199.52    1960.90    -397.44    -500.00
     -9999     -9999    360.000     13.373    -28.081    -63.435      0.000   -101.238
    2.0100         0     826.28    -298.29    -200.56    1960.51    -399.40    -500.00
     -9999     -9999     57.600     13.381    -28.138    -63.435      0.000   -101.294
    2.0200         0     830.14    -300.36    -201.61    1960.12    -401.36    -500.00
     -9999     -9999    115.200     13.388    -28.193    -63.435      0.000   -101.350
    2.0300         0     833.99    -302.43    -202.65    1959.72    -403.32    -500.00
     -9999     -9999    172.800     13.396    -28.249    -63.435      0.000   -101.406
    2.0400         0     837.85    -304.50    -203.69    1959.32    -405.28    -500.00
     -9999     -9999    230.400     13.404    -28.304    -63.435      0.000   -101.462
    2.0500         0     841.70    -306.58    -204.73    1958.93    -407.24    -500.00
     -9999     -9999    288.000     13.412    -28.358    -63.435      0.000   -101.519
    2.0600         0     845.55    -308.66    -205.78    1958.53    -409.20    -500.00
     -9999     -9999    345.600     13.419    -28.413    -63.435      0.000   -101.575
    2.0700         0     849.40    -310.74    -206.82    1958.12    -411.16    -500.00
     -9999     -9999     43.200     13.427    -28.466    -63.435      0.000   -101.631
    2.0800         0     853.25    -312.83    -207.87    1957.72    -413.12    -500.00
     -9999     -9999    100.800     13.435    -28.520    -63.435      0.000   -101.687
    2.0900         0     857.09    -314.92    -208.91    1957.31    -415.08    -500.00
     -9999     -9999    158.400     13.443    -28.573    -63.435      0.000   -101.743
    2.1000         0     860.94    -317.02    -209.96    1956.91    -417.04    -500.00
     -9999     -9999    216.000     13.450    -28.625    -63.435      0.000   -101.799
    2.1100         0     864.78    -319.12    -211.01    1956.50    -419.00    -500.00
     -9999     -9999    273.600     13.458    -28.677    -63.435      0.000   -101.856
    2.1200         0     868.61    -321.22    -212.06    1956.08    -420.95    -500.00
     -9999     -9999    331.200     13.466    -28.729    -63.435      0.000   -101.912
    2.1300         0     872.45    -323.32    -213.10    1955.67    -422.91    -500.00
     -9999     -9999     28.800     13.474    -28.781    -63.435      0.000   -101.968
    2.1400         0     876.29    -325.43    -214.15    1955.25    -424.87    -500.00
     -9999     -9999     86.400     13.482    -28.832    -63.435      0.000   -102.024
    2.1500         0     880.12    -327.54    -215.20    1954.84    -426.82    -500.00
     -9999     -9999    144.000     13.490    -28.882    -63.435      0.000   -102.080
    2.1600         0     883.95    -329.66    -216.25    1954.42    -428.78    -500.00
     -9999     -9999    201.600     13.498    -28.933    -63.435      0.000   -102.137
    2.1700         0     887.78    -331.78    -217.30    1954.00    -430.73    -500.00
     -9999     -9999    259.200     13.506    -28.982    -63.435      0.000   -102.193
    2.1800         0     891.60    -333.90    -218.35    1953.57    -432.69    -500.00
     -9999     -9999    316.800     13.514    -29.032    -63.435      0.000   -102.249
    2.1900         0     895.43    -336.03    -219.41    1953.15    -434.64    -500.00
     -9999     -9999     14.400     13.522    -29.081    -63.435      0.000   -102.305
    2.2000         0     899.25    -338.15    -220.46    1952.72    -436.59    -500.00
     -9999     -9999     72.000     13.530    -29.130    -63.435      0.000   -102.361
    2.2100         0     903.07    -340.28    -221.51    1952.29    -438.55    -500.00
     -9999     -9999    129.600     13.538    -29.178    -63.435      0.000   -102.418
    2.2200         0     906.89    -342.42    -222.56    1951.86    -440.50    -500.00
     -9999     -9999    187.200     13.547    -29.226    -63.435      0.000   -102.474
    2.2300         0     910.71    -344.56    -223.62    1951.43    -442.45    -500.00
     -9999     -9999    244.800     13.555    -29.274    -63.435      0.000   -102.530
    2.2400         0     914.52    -346.70    -224.67    1950.99    -444.41    -500.00
     -9999     -9999    302.400     13.563    -29.321    -63.435      0.000   -102.586
    2.2500         0     918.34    -348.84    -225.73    1950.55    -446.36    -500.00
     -9999     -9999    360.000     13.571    -29.368    -63.435      0.000   -102.642
    2.2600         0     922.15    -350.99    -226.79    1950.12    -448.31    -500.00
     -9999     -9999     57.600     13.580    -29.414    -63.435      0.000   -102.698
    2.2700         0     925.96    -353.14    -227.84    1949.68    -450.26    -500.00
     -9999     -9999    115.200     13.588    -29.460    -63.435      0.000   -102.755
    2.2800         0     929.76    -355.29    -228.90    1949.23    -452.21    -500.00
     -9999     -9999    172.800     13.596    -29.506    -63.435      0.000   -102.811
    2.2900         0     933.57    -357.45    -229.96    1948.79    -454.16    -500.00
     -9999     -9999    230.400     13.605    -29.551    -63.435      0.000   -102.867
    2.3000         0     937.37    -359.60    -231.02    1948.34    -456.11    -500.00
     -9999     -9999    288.000     13.613    -29.596    -63.435      0.000   -102.923
    2.3100         0     941.18    -361.77    -232.08    1947.89    -458.06    -500.00
     -9999     -9999    345.600     13.621    -29.640    -63.435      0.000   -102.979
    2.3200         0     944.98    -363.93    -233.14    1947.44    -460.01    -500.00
     -9999     -9999     43.200     13.630    -29.685    -63.435      0.000   -103.036
    2.3300         0     948.77    -366.10    -234.20    1946.99    -461.96    -500.00
     -9999     -9999    100.800     13.638    -29.728    -63.435      0.000   -103.092
    2.3400         0     952.57    -368.27    -235.26    1946.54    -463.90    -500.00
     -9999     -9999    158.400     13.647    -29.772    -63.435      0.000   -103.148
    2.3500         0     956.37    -370.44    -236.32    1946.08    -465.85    -500.00
     -9999     -9999    216.000     13.655    -29.815    -63.435      0.000   -103.204
    2.3600         0     960.16    -372.62    -237.38    1945.62    -467.80    -500.00
     -9999     -9999    273.600     13.664    -29.858    -63.435      0.000   -103.260
    2.3700         0     963.95    -374.79    -238.45    1945.16    -469.74    -500.00
     -9999     -9999    331.200     13.673    -29.900    -63.435      0.000   -103.317
    2.3800         0     967.74    -376.97    -239.51    1944.70    -471.69    -500.00
     -9999     -9999     28.800     13.681    -29.942    -63.435      0.000   -103.373
    2.3900         0     971.53    -379.16    -240.58    1944.24    -473.64    -500.00
     -9999     -9999     86.400     13.690    -29.984    -63.435      0.000   -103.429
    2.4000         0     975.31    -381.34    -241.64    1943.77    -475.58    -500.00
     -9999     -9999    144.000     13.699    -30.025    -63.435      0.000   -103.485
    2.4100         0     979.10    -383.53    -242.71    1943.31    -477.53    -500.00
     -9999     -9999    201.600     13.707    -30.066    -63.435      0.000   -103.541
    2.4200         0     982.88    -385.73    -243.77    1942.84    -479.47    -500.00
     -9999     -9999    259.200     13.716    -30.106    -63.435      0.000   -103.597
    2.4300         0     986.66    -387.92    -244.84    1942.37    -481.41    -500.00
     -9999     -9999    316.800     13.725    -30.146    -63.435      0.000   -103.654
    2.4400         0     990.44    -390.12    -245.91    1941.89    -483.36    -500.00
     -9999     -9999     14.400     13.734    -30.186    -63.435      0.000   -103.710
    2.4500         0     994.22    -392.32    -246.98    1941.42    -485.30    -500.00
     -9999     -9999     72.000     13.743    -30.226    -63.435      0.000   -103.766
    2.4600         0     998.00    -394.52    -248.05    1940.94    -487.24    -500.00
     -9999     -9999    129.600     13.752    -30.265    -63.435      0.000   -103.822
    2.4700         0    1001.77    -396.72    -249.12    1940.46    -489.18    -500.00
     -9999     -9999    187.200     13.761    -30.303    -63.435      0.000   -103.878
    2.4800         0    1005.54    -398.93    -250.19    1939.98    -491.12    -500.00
     -9999     -9999    244.800     13.770    -30.342    -63.435      0.000   -103.935
    2.4900         0    1009.31    -401.14    -251.26    1939.50    -493.07    -500.00
     -9999     -9999    302.400     13.779    -30.380    -63.435      0.000   -103.991
    2.5000         0    1013.08    -403.35    -252.33    1939.01    -495.01    -500.00
     -9999     -9999    360.000     13.788    -30.418    -63.435      0.000   -104.047
    2.5100         0    1016.85    -405.56    -253.40    1938.53    -496.95    -500.00
     -9999     -9999     57.600     13.797    -30.455    -63.435      0.000   -104.103
    2.5200         0    1020.62    -407.78    -254.48    1938.04    -498.89    -500.00
     -9999     -9999    115.200     13.806    -30.492    -63.435      0.000   -104.159
    2.5300         0    1024.38    -410.00    -255.55    1937.55    -500.82    -500.00
     -9999     -9999    172.800     13.815    -30.528    -63.435      0.000   -104.216
    2.5400         0    1028.15    -412.22    -256.63    1937.06    -502.76    -500.00
     -9999     -9999    230.400     13.824    -30.565    -63.435      0.000   -104.272
    2.5500         0    1031.91    -414.44    -257.70    1936.56    -504.70    -500.00
     -9999     -9999    288.000     13.833    -30.601    -63.435      0.000   -104.328
    2.5600         0    1035.67    -416.67    -258.78    1936.07    -506.64    -500.00
     -9999     -9999    345.600     13.843    -30.636    -63.435      0.000   -104.384
    2.5700         0    1039.43    -418.89    -259.86    1935.57    -508.58    -500.00
     -9999     -9999     43.200     13.852    -30.671    -63.435      0.000   -104.440
    2.5800         0    1043.18    -421.12    -260.93    1935.07    -510.51    -500.00
     -9999     -9999    100.800     13.861    -30.706    -63.435      0.000   -104.496
    2.5900         0    1046.94    -423.36    -262.01    1934.57    -512.45    -500.00
     -9999     -9999    158.400     13.871    -30.741    -63.435      0.000   -104.553
    2.6000         0    1050.69    -425.59    -263.09    1934.07    -514.38    -500.00
     -9999     -9999    216.000     13.880    -30.775    -63.435      0.000   -104.609
    2.6100         0    1054.45    -427.83    -264.17    1933.56    -516.32    -500.00
     -9999     -9999    273.600     13.889    -30.809    -63.435      0.000   -104.665
    2.6200         0    1058.20    -430.07    -265.25    1933.05    -518.25    -500.00
     -9999     -9999    331.200     13.899    -30.842    -63.435      0.000   -104.721
    2.6300         0    1061.95    -432.31    -266.33    1932.54    -520.19    -500.00
     -9999     -9999     28.800     13.908    -30.876    -63.435      0.000   -104.777
    2.6400         0    1065.70    -434.55    -267.42    1932.03    -522.12    -500.00
     -9999     -9999     86.400     13.918    -30.908    -63.435      0.000   -104.834
    2.6500         0    1069.44    -436.79    -268.50    1931.52    -524.05    -500.00
     -9999     -9999    144.000     13.928    -30.941    -63.435      0.000   -104.890
    2.6600         0    1073.19    -439.04    -269.58    1931.00    -525.99    -500.00
     -9999     -9999    201.600     13.937    -30.973    -63.435      0.000   -104.946
    2.6700         0    1076.93    -441.29    -270.67    1930.49    -527.92    -500.00
     -9999     -9999    259.200     13.947    -31.005    -63.435      0.000   -105.002
    2.6800         0    1080.68    -443.54    -271.75    1929.97    -529.85    -500.00
     -9999     -9999    316.800     13.956    -31.036    -63.435      0.000   -105.058
    2.6900         0    1084.42    -445.79    -272.84    1929.45    -531.78    -500.00
     -9999     -9999     14.400     13.966    -31.067    -63.435      0.000   -105.115
    2.7000         0    1088.16    -448.05    -273.92    1928.93    -533.71    -500.00
     -9999     -9999     72.000     13.976    -31.098    -63.435      0.000   -105.171
    2.7100         0    1091.89    -450.30    -275.01    1928.40    -535.64    -500.00
     -9999     -9999    129.600     13.986    -31.129    -63.435      0.000   -105.227
    2.7200         0    1095.63    -452.56    -276.10    1927.88    -537.57    -500.00
     -9999     -9999    187.200     13.996    -31.159    -63.435      0.000   -105.283
    2.7300         0    1099.37    -454.82    -277.19    1927.35    -539.50    -500.00
     -9999     -9999    244.800     14.005    -31.189    -63.435      0.000   -105.339
    2.7400         0    1103.10    -457.08    -278.28    1926.82    -541.43    -500.00
     -9999     -9999    302.400     14.015    -31.218    -63.435      0.000   -105.396
    2.7500         0    1106.84    -459.35    -279.37    1926.29    -543.36    -500.00
     -9999     -9999    360.000     14.025    -31.247    -63.435      0.000   -105.452
    2.7600         0    1110.57    -461.61    -280.46    1925.75    -545.28    -500.00
     -9999     -9999     57.600     14.035    -31.276    -63.435      0.000   -105.508
    2.7700         0    1114.30    -463.88    -281.55    1925.22    -547.21    -500.00
     -9999     -9999    115.200     14.045    -31.305    -63.435      0.000   -105.564
    2.7800         0    1118.03    -466.15    -282.64    1924.68    -549.14    -500.00
     -9999     -9999    172.800     14.055    -31.333    -63.435      0.000   -105.620
    2.7900         0    1121.76    -468.42    -283.73    1924.14    -551.06    -500.00
     -9999     -9999    230.400     14.065    -31.361    -63.435      0.000   -105.676
    2.8000         0    1125.48    -470.69    -284.83    1923.60    -552.99    -500.00
     -9999     -9999    288.000     14.075    -31.388    -63.435      0.000   -105.733
    2.8100         0    1129.21    -472.97    -285.92    1923.05    -554.91    -500.00
     -9999     -9999    345.600     14.086    -31.415    -63.435      0.000   -105.789
    2.8200         0    1132.93    -475.24    -287.02    1922.51    -556.84    -500.00
     -9999     -9999     43.200     14.096    -31.442    -63.435      0.000   -105.845
    2.8300         0    1136.65    -477.52    -288.12    1921.96    -558.76    -500.00
     -9999     -9999    100.800     14.106    -31.469    -63.435      0.000   -105.901
    2.8400         0    1140.38    -479.80    -289.21    1921.41    -560.69    -500.00
     -9999     -9999    158.400     14.116    -31.495    -63.435      0.000   -105.957
    2.8500         0    1144.10    -482.08    -290.31    1920.86    -562.61    -500.00
     -9999     -9999    216.000     14.127    -31.521    -63.435      0.000   -106.014
    2.8600         0    1147.82    -484.36    -291.41    1920.31    -564.53    -500.00
     -9999     -9999    273.600     14.137    -31.547    -63.435      0.000   -106.070
    2.8700         0    1151.53    -486.65    -292.51    1919.76    -566.45    -500.00
     -9999     -9999    331.200     14.147    -31.572    -63.435      0.000   -106.126
    2.8800         0    1155.25    -488.93    -293.61    1919.20    -568.37    -500.00
     -9999     -9999     28.800     14.158    -31.597    -63.435      0.000   -106.182
    2.8900         0    1158.97    -491.22    -294.71    1918.64    -570.29    -500.00
     -9999     -9999     86.400     14.168    -31.622    -63.435      0.000   -106.238
    2.9000         0    1162.68    -493.51    -295.81    1918.08    -572.21    -500.00
     -9999     -9999    144.000     14.179    -31.646    -63.435      0.000   -106.295
    2.9100         0    1166.40    -495.80    -296.91    1917.52    -574.13    -500.00
     -9999     -9999    201.600     14.189    -31.670    -63.435      0.000   -106.351
    2.9200         0    1170.11    -498.09    -298.02    1916.95    -576.05    -500.00
     -9999     -9999    259.200     14.200    -31.694    -63.435      0.000   -106.407
    2.9300         0    1173.82    -500.38    -299.12    1916.39    -577.97    -500.00
     -9999     -9999    316.800     14.210    -31.717    -63.435      0.000   -106.463
    2.9400         0    1177.53    -502.67    -300.23    1915.82    -579.89    -500.00
     -9999     -9999     14.400     14.221    -31.740    -63.435      0.000   -106.519
    2.9500         0    1181.24    -504.97    -301.33    1915.25    -581.80    -500.00
     -9999     -9999     72.000     14.232    -31.763    -63.435      0.000   -106.575
    2.9600         0    1184.95    -507.27    -302.44    1914.68    -583.72    -500.00
     -9999     -9999    129.600     14.243    -31.785    -63.435      0.000   -106.632
    2.9700         0    1188.65    -509.56    -303.55    1914.11    -585.64    -500.00
     -9999     -9999    187.200     14.253    -31.807    -63.435      0.000   -106.688
    2.9800         0    1192.36    -511.86    -304.66    1913.53    -587.55    -500.00
     -9999     -9999    244.800     14.264    -31.829    -63.435      0.000   -106.744
    2.9900         0    1196.07    -514.16    -305.77    1912.95    -589.47    -500.00
     -9999     -9999    302.400     14.275    -31.851    -63.435      0.000   -106.800
    3.0000         0    1199.77    -516.47    -306.88    1912.37    -591.38    -500.00
     -9999     -9999    360.000     14.286    -31.872    -63.435      0.000   -106.856
    3.0100         0    1203.47    -518.77    -307.99    1911.79    -593.30    -500.00
     -9999     -9999     57.600     14.297    -31.893    -63.435      0.000   -106.913
    3.0200         0    1207.17    -521.07    -309.10    1911.21    -595.21    -500.00
     -9999     -9999    115.200     14.308    -31.913    -63.435      0.000   -106.969
    3.0300         0    1210.87    -523.38    -310.21    1910.63    -597.12    -500.00
     -9999     -9999    172.800     14.319    -31.934    -63.435      0.000   -107.025
    3.0400         0    1214.57    -525.69    -311.32    1910.04    -599.03    -500.00
     -9999     -9999    230.400     14.330    -31.954    -63.435      0.000   -107.081
    3.0500         0    1218.27    -528.00    -312.44    1909.45    -600.95    -500.00
     -9999     -9999    288.000     14.341    -31.973    -63.435      0.000   -107.137
    3.0600         0    1221.97    -530.30    -313.55    1908.86    -602.86    -500.00
     -9999     -9999    345.600     14.352    -31.993    -63.435      0.000   -107.194
    3.0700         0    1225.67    -532.61    -314.67    1908.27    -604.77    -500.00
     -9999     -9999     43.200     14.363    -32.012    -63.435      0.000   -107.250
    3.0800         0    1229.36    -534.93    -315.79    1907.68    -606.68    -500.00
     -9999     -9999    100.800     14.374    -32.031    -63.435      0.000   -107.306
    3.0900         0    1233.06    -537.24    -316.90    1907.08    -608.59    -500.00
     -9999     -9999    158.400     14.386    -32.049    -63.435      0.000   -107.362
    3.1000         0    1236.75    -539.55    -318.02    1906.48    -610.49    -500.00
     -9999     -9999    216.000     14.397    -32.067    -63.435      0.000   -107.418
    3.1100         0    1240.45    -541.87    -319.14    1905.88    -612.40    -500.00
     -9999     -9999    273.600     14.408    -32.085    -63.435      0.000   -107.474
    3.1200         0    1244.14    -544.18    -320.26    1905.28    -614.31    -500.00
     -9999     -9999    331.200     14.420    -32.103    -63.435      0.000   -107.531
    3.1300         0    1247.83    -546.50    -321.38    1904.68    -616.22    -500.00
     -9999     -9999     28.800     14.431    -32.120    -63.435      0.000   -107.587
    3.1400         0    1251.52    -548.82    -322.50    1904.07    -618.12    -500.00
     -9999     -9999     86.400     14.442    -32.137    -63.435      0.000   -107.643
    3.1500         0    1255.21    -551.14    -323.63    1903.46    -620.03    -500.00
     -9999     -9999    144.000     14.454    -32.154    -63.435      0.000   -107.699
    3.1600         0    1258.90    -553.45    -324.75    1902.86    -621.93    -500.00
     -9999     -9999    201.600     14.465    -32.170    -63.435      0.000   -107.755
    3.1700         0    1262.59    -555.78    -325.87    1902.25    -623.84    -500.00
     -9999     -9999    259.200     14.477    -32.186    -63.435      0.000   -107.812
    3.1800         0    1266.27    -558.10    -327.00    1901.63    -625.74    -500.00
     -9999     -9999    316.800     14.489    -32.202    -63.435      0.000   -107.868
    3.1900         0    1269.96    -560.42    -328.13    1901.02    -627.64    -500.00
     -9999     -9999     14.400     14.500    -32.217    -63.435      0.000   -107.924
    3.2000         0    1273.65    -562.74    -329.25    1900.40    -629.55    -500.00
     -9999     -9999     72.000     14.512    -32.233    -63.435      0.000   -107.980
    3.2100         0    1277.33    -565.07    -330.38    1899.78    -631.45    -500.00
     -9999     -9999    129.600     14.524    -32.248    -63.435      0.000   -108.036
    3.2200         0    1281.01    -567.39    -331.51    1899.16    -633.35    -500.00
     -9999     -9999    187.200     14.535    -32.262    -63.435      0.000   -108.093
    3.2300         0    1284.70    -569.72    -332.64    1898.54    -635.25    -500.00
     -9999     -9999    244.800     14.547    -32.276    -63.435      0.000   -108.149
    3.2400         0    1288.38    -572.04    -333.77    1897.92    -637.15    -500.00
     -9999     -9999    302.400     14.559    -32.291    -63.435      0.000   -108.205
    3.2500         0    1292.06    -574.37    -334.90    1897.29    -639.05    -500.00
     -9999     -9999    360.000     14.571    -32.304    -63.435      0.000   -108.261
    3.2600         0    1295.74    -576.70    -336.04    1896.66    -640.95    -500.00
     -9999     -9999     57.600     14.583    -32.318    -63.435      0.000   -108.317
    3.2700         0    1299.42    -579.03    -337.17    1896.03    -642.85    -500.00
     -9999     -9999    115.200     14.595    -32.331    -63.435      0.000   -108.373
    3.2800         0    1303.10    -581.36    -338.30    1895.40    -644.75    -500.00
     -9999     -9999    172.800     14.607    -32.344    -63.435      0.000   -108.430
    3.2900         0    1306.78    -583.69    -339.44    1894.77    -646.64    -500.00
     -9999     -9999    230.400     14.619    -32.356    -63.435      0.000   -108.486
    3.3000         0    1310.46    -586.02    -340.57    1894.13    -648.54    -500.00
     -9999     -9999    288.000     14.631    -32.369    -63.435      0.000   -108.542
    3.3100         0    1314.14    -588.35    -341.71    1893.50    -650.44    -500.00
     -9999     -9999    345.600     14.643    -32.381    -63.435      0.000   -108.598
    3.3200         0    1317.81    -590.68    -342.85    1892.86    -652.33    -500.00
     -9999     -9999     43.200     14.655    -32.393    -63.435      0.000   -108.654
    3.3300         0    1321.49    -593.01    -343.99    1892.22    -654.23    -500.00
     -9999     -9999    100.800     14.667    -32.404    -63.435      0.000   -108.711
    3.3400         0    1325.16    -595.35    -345.13    1891.58    -656.12    -500.00
     -9999     -9999    158.400     14.680    -32.415    -63.435      0.000   -108.767
    3.3500         0    1328.84    -597.68    -346.27    1890.93    -658.01    -500.00
     -9999     -9999    216.000     14.692    -32.426    -63.435      0.000   -108.823
    3.3600         0    1332.51    -600.01    -347.41    1890.28    -659.91    -500.00
     -9999     -9999    273.600     14.704    -32.437    -63.435      0.000   -108.879
    3.3700         0    1336.18    -602.35    -348.55    1889.64    -661.80    -500.00
     -9999     -9999    331.200     14.717    -32.447    -63.435      0.000   -108.935
    3.3800         0    1339.86    -604.68    -349.70    1888.99    -663.69    -500.00
     -9999     -9999     28.800     14.729    -32.457    -63.435      0.000   -108.992
    3.3900         0    1343.53    -607.02    -350.84    1888.34    -665.58    -500.00
     -9999     -9999     86.400     14.742    -32.467    -63.435      0.000   -109.048
    3.4000         0    1347.20    -609.36    -351.99    1887.68    -667.47    -500.00
     -9999     -9999    144.000     14.754    -32.476    -63.435      0.000   -109.104
    3.4100         0    1350.87    -611.69    -353.13    1887.03    -669.36    -500.00
     -9999     -9999    201.600     14.767    -32.486    -63.435      0.000   -109.160
    3.4200         0    1354.54    -614.03    -354.28    1886.37    -671.25    -500.00
     -9999     -9999    259.200     14.779    -32.495    -63.435      0.000   -109.216
    3.4300         0    1358.21    -616.37    -355.43    1885.71    -673.14    -500.00
     -9999     -9999    316.800     14.792    -32.503    -63.435      0.000   -109.272
    3.4400         0    1361.88    -618.71    -356.58    1885.05    -675.02    -500.00
     -9999     -9999     14.400     14.804    -32.512    -63.435      0.000   -109.329
    3.4500         0    1365.55    -621.04    -357.73    1884.39    -676.91    -500.00
     -9999     -9999     72.000     14.817    -32.520    -63.435      0.000   -109.385
    3.4600         0    1369.22    -623.38    -358.88    1883.72    -678.80    -500.00
     -9999     -9999    129.600     14.830    -32.528    -63.435      0.000   -109.441
    3.4700         0    1372.88    -625.72    -360.03    1883.05    -680.68    -500.00
     -9999     -9999    187.200     14.843    -32.535    -63.435      0.000   -109.497
    3.4800         0    1376.55    -628.06    -361.19    1882.39    -682.57    -500.00
     -9999     -9999    244.800     14.855    -32.542    -63.435      0.000   -109.553
    3.4900         0    1380.22    -630.40    -362.34    1881.72    -684.45    -500.00
     -9999     -9999    302.400     14.868    -32.549    -63.435      0.000   -109.610
    3.5000         0    1383.88    -632.74    -363.50    1881.04    -686.34    -500.00
     -9999     -9999    360.000     14.881    -32.556    -63.435      0.000   -109.666
    3.5100         0    1387.55    -635.08    -364.65    1880.37    -688.22    -500.00
     -9999     -9999     57.600     14.894    -32.563    -63.435      0.000   -109.722
    3.5200         0    1391.21    -637.42    -365.81    1879.69    -690.10    -500.00
     -9999     -9999    115.200     14.907    -32.569    -63.435      0.000   -109.778
    3.5300         0    1394.88    -639.76    -366.97    1879.02    -691.98    -500.00
     -9999     -9999    172.800     14.920    -32.575    -63.435      0.000   -109.834
    3.5400         0    1398.54    -642.11    -368.13    1878.34    -693.86    -500.00
     -9999     -9999    230.400     14.933    -32.581    -63.435      0.000   -109.891
    3.5500         0    1402.21    -644.45    -369.29    1877.65    -695.74    -500.00
     -9999     -9999    288.000     14.946    -32.586    -63.435      0.000   -109.947
    3.5600         0    1405.87    -646.79    -370.45    1876.97    -697.62    -500.00
     -9999     -9999    345.600     14.960    -32.591    -63.435      0.000   -110.003
    3.5700         0    1409.53    -649.13    -371.61    1876.29    -699.50    -500.00
     -9999     -9999     43.200     14.973    -32.596    -63.435      0.000   -110.059
    3.5800         0    1413.19    -651.47    -372.77    1875.60    -701.38    -500.00
     -9999     -9999    100.800     14.986    -32.601    -63.435      0.000   -110.115
    3.5900         0    1416.86    -653.81    -373.94    1874.91    -703.26    -500.00
     -9999     -9999    158.400     14.999    -32.605    -63.435      0.000   -110.171
    3.6000         0    1420.52    -656.16    -375.10    1874.22    -705.14    -500.00
     -9999     -9999    216.000     15.013    -32.609    -63.435      0.000   -110.228
    3.6100         0    1424.18    -658.50    -376.27    1873.53    -707.01    -500.00
     -9999     -9999    273.600     15.026    -32.613    -63.435      0.000   -110.284
    3.6200         0    1427.84    -660.84    -377.44    1872.83    -708.89    -500.00
     -9999     -9999    331.200     15.039    -32.616    -63.435      0.000   -110.340
    3.6300         0    1431.50    -663.18    -378.60    1872.14    -710.76    -500.00
     -9999     -9999     28.800     15.053    -32.619    -63.435      0.000   -110.396
    3.6400         0    1435.16    -665.53    -379.77    1871.44    -712.64    -500.00
     -9999     -9999     86.400     15.066    -32.622    -63.435      0.000   -110.452
    3.6500         0    1438.82    -667.87    -380.94    1870.74    -714.51    -500.00
     -9999     -9999    144.000     15.080    -32.625    -63.435      0.000   -110.509
    3.6600         0    1442.48    -670.21    -382.11    1870.04    -716.38    -500.00
     -9999     -9999    201.600     15.094    -32.628    -63.435      0.000   -110.565
    3.6700         0    1446.14    -672.55    -383.29    1869.33    -718.26    -500.00
     -9999     -9999    259.200     15.107    -32.630    -63.435      0.000   -110.621
    3.6800         0    1449.80    -674.90    -384.46    1868.63    -720.13    -500.00
     -9999     -9999    316.800     15.121    -32.632    -63.435      0.000   -110.677
    3.6900         0    1453.45    -677.24    -385.63    1867.92    -722.00    -500.00
     -9999     -9999     14.400     15.134    -32.634    -63.435      0.000   -110.733
    3.7000         0    1457.11    -679.58    -386.81    1867.21    -723.87    -500.00
     -9999     -9999     72.000     15.148    -32.635    -63.435      0.000   -110.790
    3.7100         0    1460.77    -681.92    -387.99    1866.50    -725.74    -500.00
     -9999     -9999    129.600     15.162    -32.636    -63.435      0.000   -110.846
    3.7200         0    1464.43    -684.27    -389.16    1865.79    -727.61    -500.00
     -9999     -9999    187.200     15.176    -32.637    -63.435      0.000   -110.902
    3.7300         0    1468.08    -686.61    -390.34    1865.08    -729.48    -500.00
     -9999     -9999    244.800     15.190    -32.638    -63.435      0.000   -110.958
    3.7400         0    1471.74    -688.95    -391.52    1864.36    -731.34    -500.00
     -9999     -9999    302.400     15.204    -32.638    -63.435      0.000   -111.014
    3.7500         0    1475.40    -691.29    -392.70    1863.64    -733.21    -500.00
     -9999     -9999    360.000     15.218    -32.638    -63.435      0.000   -111.070
    3.7600         0    1479.05    -693.64    -393.88    1862.92    -735.07    -500.00
     -9999     -9999     57.600     15.232    -32.638    -63.435      0.000   -111.127
    3.7700         0    1482.71    -695.98    -395.07    1862.20    -736.94    -500.00
     -9999     -9999    115.200     15.246    -32.638    -63.435      0.000   -111.183
    3.7800         0    1486.37    -698.32    -396.25    1861.48    -738.80    -500.00
     -9999     -9999    172.800     15.260    -32.637    -63.435      0.000   -111.239
    3.7900         0    1490.02    -700.66    -397.44    1860.75    -740.67    -500.00
     -9999     -9999    230.400     15.274    -32.636    -63.435      0.000   -111.295
    3.8000         0    1493.68    -703.00    -398.62    1860.02    -742.53    -500.00
     -9999     -9999    288.000     15.288    -32.635    -63.435      0.000   -111.351
    3.8100         0    1497.33    -705.34    -399.81    1859.29    -744.39    -500.00
     -9999     -9999    345.600     15.302    -32.634    -63.435      0.000   -111.408
    3.8200         0    1500.99    -707.68    -401.00    1858.56    -746.26    -500.00
     -9999     -9999     43.200     15.316    -32.632    -63.435      0.000   -111.464
    3.8300         0    1504.64    -710.02    -402.19    1857.83    -748.12    -500.00
     -9999     -9999    100.800     15.331    -32.630    -63.435      0.000   -111.520
    3.8400         0    1508.30    -712.36    -403.38    1857.10    -749.98    -500.00
     -9999     -9999    158.400     15.345    -32.628    -63.435      0.000   -111.576
    3.8500         0    1511.95    -714.70    -404.57    1856.36    -751.84    -500.00
     -9999     -9999    216.000     15.359    -32.625    -63.435      0.000   -111.632
    3.8600         0    1515.61    -717.04    -405.76    1855.62    -753.69    -500.00
     -9999     -9999    273.600     15.374    -32.623    -63.435      0.000   -111.689
    3.8700         0    1519.26    -719.38    -406.95    1854.88    -755.55    -500.00
     -9999     -9999    331.200     15.388    -32.620    -63.435      0.000   -111.745
    3.8800         0    1522.92    -721.72    -408.15    1854.14    -757.41    -500.00
     -9999     -9999     28.800     15.403    -32.617    -63.435      0.000   -111.801
    3.8900         0    1526.57    -724.06    -409.34    1853.40    -759.27    -500.00
     -9999     -9999     86.400     15.417    -32.613    -63.435      0.000   -111.857
    3.9000         0    1530.22    -726.39    -410.54    1852.65    -761.12    -500.00
     -9999     -9999    144.000     15.432    -32.610    -63.435      0.000   -111.913
    3.9100         0    1533.88    -728.73    -411.74    1851.90    -762.98    -500.00
     -9999     -9999    201.600     15.447    -32.606    -63.435      0.000   -111.969
    3.9200         0    1537.53    -731.07    -412.94    1851.15    -764.83    -500.00
     -9999     -9999    259.200     15.461    -32.601    -63.435      0.000   -112.026
    3.9300         0    1541.19    -733.41    -414.14    1850.40    -766.69    -500.00
     -9999     -9999    316.800     15.476    -32.597    -63.435      0.000   -112.082
    3.9400         0    1544.84    -735.74    -415.34    1849.65    -768.54    -500.00
     -9999     -9999     14.400     15.491    -32.592    -63.435      0.000   -112.138
    3.9500         0    1548.49    -738.08    -416.54    1848.90    -770.39    -500.00
     -9999     -9999     72.000     15.506    -32.587    -63.435      0.000   -112.194
    3.9600         0    1552.15    -740.41    -417.75    1848.14    -772.24    -500.00
     -9999     -9999    129.600     15.520    -32.582    -63.435      0.000   -112.250
    3.9700         0    1555.80    -742.75    -418.95    1847.38    -774.09    -500.00
     -9999     -9999    187.200     15.535    -32.577    -63.435      0.000   -112.307
    3.9800         0    1559.45    -745.08    -420.16    1846.62    -775.94    -500.00
     -9999     -9999    244.800     15.550    -32.571    -63.435      0.000   -112.363
    3.9900         0    1563.11    -747.42    -421.36    1845.86    -777.79    -500.00
     -9999     -9999    302.400     15.565    -32.565    -63.435      0.000   -112.419
    4.0000         0    1566.76    -749.75    -422.57    1845.10    -779.64    -500.00
     -9999     -9999    360.000     15.580    -32.559    -63.435      0.000   -112.475
    4.0100         0    1570.41    -752.08    -423.78    1844.33    -781.49    -500.00
     -9999     -9999     57.600     15.595    -32.553    -63.435      0.000   -112.531
    4.0200         0    1574.07    -754.41    -424.99    1843.56    -783.34    -500.00
     -9999     -9999    115.200     15.610    -32.546    -63.435      0.000   -112.588
    4.0300         0    1577.72    -756.74    -426.20    1842.79    -785.18    -500.00
     -9999     -9999    172.800     15.625    -32.539    -63.435      0.000   -112.644
    4.0400         0    1581.37    -759.07    -427.42    1842.02    -787.03    -500.00
     -9999     -9999    230.400     15.641    -32.532    -63.435      0.000   -112.700
    4.0500         0    1585.03    -761.40    -428.63    1841.25    -788.87    -500.00
     -9999     -9999    288.000     15.656    -32.524    -63.435      0.000   -112.756
    4.0600         0    1588.68    -763.73    -429.84    1840.48    -790.72    -500.00
     -9999     -9999    345.600     15.671    -32.517    -63.435      0.000   -112.812
    4.0700         0    1592.33    -766.06    -431.06    1839.70    -792.56    -500.00
     -9999     -9999     43.200     15.686    -32.509    -63.435      0.000   -112.869
    4.0800         0    1595.99    -768.39    -432.28    1838.92    -794.40    -500.00
     -9999     -9999    100.800     15.702    -32.501    -63.435      0.000   -112.925
    4.0900         0    1599.64    -770.72    -433.50    1838.14    -796.24    -500.00
     -9999     -9999    158.400     15.717    -32.492    -63.435      0.000   -112.981
    4.1000         0    1603.30    -773.04    -434.72    1837.36    -798.08    -500.00
     -9999     -9999    216.000     15.733    -32.484    -63.435      0.000   -113.037
    4.1100         0    1606.95    -775.37    -435.94    1836.58    -799.92    -500.00
     -9999     -9999    273.600     15.748    -32.475    -63.435      0.000   -113.093
    4.1200         0    1610.60    -777.70    -437.16    1835.79    -801.76    -500.00
     -9999     -9999    331.200     15.764    -32.466    -63.435      0.000   -113.149
    4.1300         0    1614.26    -780.02    -438.38    1835.00    -803.60    -500.00
     -9999     -9999     28.800     15.779    -32.457    -63.435      0.000   -113.206
    4.1400         0    1617.91    -782.34    -439.61    1834.21    -805.44    -500.00
     -9999     -9999     86.400     15.795    -32.447    -63.435      0.000   -113.262
    4.1500         0    1621.57    -784.67    -440.83    1833.42    -807.28    -500.00
     -9999     -9999    144.000     15.810    -32.437    -63.435      0.000   -113.318
    4.1600         0    1625.22    -786.99    -442.06    1832.63    -809.11    -500.00
     -9999     -9999    201.600     15.826    -32.427    -63.435      0.000   -113.374
    4.1700         0    1628.87    -789.31    -443.29    1831.84    -810.95    -500.00
     -9999     -9999    259.200     15.842    -32.417    -63.435      0.000   -113.430
    4.1800         0    1632.53    -791.63    -444.51    1831.04    -812.78    -500.00
     -9999     -9999    316.800     15.858    -32.406    -63.435      0.000   -113.487
    4.1900         0    1636.18    -793.95    -445.74    1830.24    -814.62    -500.00
     -9999     -9999     14.400     15.873    -32.395    -63.435      0.000   -113.543
    4.2000         0    1639.84    -796.27    -446.98    1829.44    -816.45    -500.00
     -9999     -9999     72.000     15.889    -32.384    -63.435      0.000   -113.599
    4.2100         0    1643.49    -798.59    -448.21    1828.64    -818.28    -500.00
     -9999     -9999    129.600     15.905    -32.373    -63.435      0.000   -113.655
    4.2200         0    1647.15    -800.90    -449.44    1827.84    -820.11    -500.00
     -9999     -9999    187.200     15.921    -32.362    -63.435      0.000   -113.711
    4.2300         0    1650.80    -803.22    -450.68    1827.03    -821.95    -500.00
     -9999     -9999    244.800     15.937    -32.350    -63.435      0.000   -113.768
    4.2400         0    1654.46    -805.53    -451.91    1826.23    -823.78    -500.00
     -9999     -9999    302.400     15.953    -32.338    -63.435      0.000   -113.824
    4.2500         0    1658.12    -807.85    -453.15    1825.42    -825.60    -500.00
     -9999     -9999    360.000     15.969    -32.326    -63.435      0.000   -113.880
    4.2600         0    1661.77    -810.16    -454.39    1824.61    -827.43    -500.00
     -9999     -9999     57.600     15.985    -32.313    -63.435      0.000   -113.936
    4.2700         0    1665.43    -812.47    -455.63    1823.79    -829.26    -500.00
     -9999     -9999    115.200     16.001    -32.301    -63.435      0.000   -113.992
    4.2800         0    1669.08    -814.78    -456.87    1822.98    -831.09    -500.00
     -9999     -9999    172.800     16.018    -32.288    -63.435      0.000   -114.048
    4.2900         0    1672.74    -817.09    -458.11    1822.16    -832.91    -500.00
     -9999     -9999    230.400     16.034    -32.275    -63.435      0.000   -114.105
    4.3000         0    1676.40    -819.40    -459.36    1821.35    -834.74    -500.00
     -9999     -9999    288.000     16.050    -32.261    -63.435      0.000   -114.161
    4.3100         0    1680.05    -821.71    -460.60    1820.53    -836.56    -500.00
     -9999     -9999    345.600     16.067    -32.247    -63.435      0.000   -114.217
    4.3200         0    1683.71    -824.02    -461.85    1819.71    -838.39    -500.00
     -9999     -9999     43.200     16.083    -32.234    -63.435      0.000   -114.273
    4.3300         0    1687.37    -826.32    -463.09    1818.88    -840.21    -500.00
     -9999     -9999    100.800     16.099    -32.219    -63.435      0.000   -114.329
    4.3400         0    1691.03    -828.63    -464.34    1818.06    -842.03    -500.00
     -9999     -9999    158.400     16.116    -32.205    -63.435      0.000   -114.386
    4.3500         0    1694.69    -830.93    -465.59    1817.23    -843.85    -500.00
     -9999     -9999    216.000     16.132    -32.191    -63.435      0.000   -114.442
    4.3600         0    1698.34    -833.23    -466.84    1816.40    -845.67    -500.00
     -9999     -9999    273.600     16.149    -32.176    -63.435      0.000   -114.498
    4.3700         0    1702.00    -835.53    -468.10    1815.57    -847.49    -500.00
     -9999     -9999    331.200     16.165    -32.161    -63.435      0.000   -114.554
    4.3800         0    1705.66    -837.83    -469.35    1814.74    -849.31    -500.00
     -9999     -9999     28.800     16.182    -32.145    -63.435      0.000   -114.610
    4.3900         0    1709.32    -840.13    -470.60    1813.91    -851.13    -500.00
     -9999     -9999     86.400     16.199    -32.130    -63.435      0.000   -114.667
    4.4000         0    1712.98    -842.43    -471.86    1813.07    -852.95    -500.00
     -9999     -9999    144.000     16.215    -32.114    -63.435      0.000   -114.723
    4.4100         0    1716.64    -844.73    -473.12    1812.23    -854.76    -500.00
     -9999     -9999    201.600     16.232    -32.098    -63.435      0.000   -114.779
    4.4200         0    1720.30    -847.02    -474.38    1811.39    -856.58    -500.00
     -9999     -9999    259.200     16.249    -32.082    -63.435      0.000   -114.835
    4.4300         0    1723.96    -849.32    -475.64    1810.55    -858.39    -500.00
     -9999     -9999    316.800     16.266    -32.065    -63.435      0.000   -114.891
    4.4400         0    1727.62    -851.61    -476.90    1809.71    -860.21    -500.00
     -9999     -9999     14.400     16.283    -32.049    -63.435      0.000   -114.947
    4.4500         0    1731.28    -853.90    -478.16    1808.87    -862.02    -500.00
     -9999     -9999     72.000     16.300    -32.032    -63.435      0.000   -115.004
    4.4600         0    1734.95    -856.19    -479.42    1808.02    -863.83    -500.00
     -9999     -9999    129.600     16.317    -32.014    -63.435      0.000   -115.060
    4.4700         0    1738.61    -858.48    -480.69    1807.17    -865.64    -500.00
     -9999     -9999    187.200     16.334    -31.997    -63.435      0.000   -115.116
    4.4800         0    1742.27    -860.77    -481.95    1806.32    -867.45    -500.00
     -9999     -9999    244.800     16.351    -31.979    -63.435      0.000   -115.172
    4.4900         0    1745.93    -863.05    -483.22    1805.47    -869.26    -500.00
     -9999     -9999    302.400     16.368    -31.962    -63.435      0.000   -115.228
    4.5000         0    1749.60    -865.34    -484.49    1804.62    -871.07    -500.00
     -9999     -9999    360.000     16.385    -31.943    -63.435      0.000   -115.285
    4.5100         0    1753.26    -867.62    -485.76    1803.76    -872.88    -500.00
     -9999     -9999     57.600     16.402    -31.925    -63.435      0.000   -115.341
    4.5200         0    1756.92    -869.90    -487.03    1802.91    -874.69    -500.00
     -9999     -9999    115.200     16.419    -31.906    -63.435      0.000   -115.397
    4.5300         0    1760.59    -872.18    -488.30    1802.05    -876.49    -500.00
     -9999     -9999    172.800     16.437    -31.888    -63.435      0.000   -115.453
    4.5400         0    1764.25    -874.46    -489.58    1801.19    -878.30    -500.00
     -9999     -9999    230.400     16.454    -31.868    -63.435      0.000   -115.509
    4.5500         0    1767.92    -876.74    -490.85    1800.32    -880.10    -500.00
     -9999     -9999    288.000     16.471    -31.849    -63.435      0.000   -115.566
    4.5600         0    1771.59    -879.02    -492.13    1799.46    -881.91    -500.00
     -9999     -9999    345.600     16.489    -31.830    -63.435      0.000   -115.622
    4.5700         0    1775.25    -881.29    -493.41    1798.59    -883.71    -500.00
     -9999     -9999     43.200     16.506    -31.810    -63.435      0.000   -115.678
    4.5800         0    1778.92    -883.57    -494.69    1797.73    -885.51    -500.00
     -9999     -9999    100.800     16.523    -31.790    -63.435      0.000   -115.734
    4.5900         0    1782.59    -885.84    -495.97    1796.86    -887.31    -500.00
     -9999     -9999    158.400     16.541    -31.770    -63.435      0.000   -115.790
    4.6000         0    1786.25    -888.11    -497.25    1795.99    -889.11    -500.00
     -9999     -9999    216.000     16.559    -31.749    -63.435      0.000   -115.846
    4.6100         0    1789.92    -890.38    -498.53    1795.11    -890.91    -500.00
     -9999     -9999    273.600     16.576    -31.728    -63.435      0.000   -115.903
    4.6200         0    1793.59    -892.64    -499.82    1794.24    -892.71    -500.00
     -9999     -9999    331.200     16.594    -31.707    -63.435      0.000   -115.959
    4.6214         0    1794.10    -892.96    -500.00    1794.12    -892.96    -500.00
     -9999     -9999    339.264     16.597    -31.704    -63.435      0.000   -115.967
    4.6414        -1    1794.10    -892.96    -500.00    1794.12    -892.96    -500.00
     -9999     -9999    339.264     16.597    -31.704    -63.435      0.000   -115.967
