    0.0000         0       0.00      -0.00      -2.00    2000.00      -0.00    -500.00
     -9999     -9999      0.000     12.000    -10.000    -71.565      0.000    -90.000
    0.0100         0       4.33      -0.77      -2.94    2000.00      -2.00    -500.00
     -9999     -9999     57.600     12.007    -10.102    -71.565      0.000    -90.084
    0.0200         0       8.67      -1.54      -3.87    1999.99      -4.00    -500.00
     -9999     -9999    115.200     12.014    -10.204    -71.565      0.000    -90.169
    0.0300         0      13.00      -2.33      -4.81    1999.99      -6.00    -500.00
     -9999     -9999    172.800     12.021    -10.306    -71.565      0.000    -90.253
    0.0400         0      17.33      -3.12      -5.75    1999.98      -8.00    -500.00
     -9999     -9999    230.400     12.028    -10.408    -71.565      0.000    -90.337
    0.0500         0      21.66      -3.92      -6.68    1999.96     -10.00    -500.00
     -9999     -9999    288.000     12.035    -10.509    -71.565      0.000    -90.421
    0.0600         0      25.98      -4.72      -7.62    1999.95     -12.00    -500.00
     -9999     -9999    345.600     12.041    -10.611    -71.565      0.000    -90.506
    0.0700         0      30.31      -5.54      -8.56    1999.93     -14.00    -500.00
     -9999     -9999     43.200     12.048    -10.713    -71.565      0.000    -90.590
    0.0800         0      34.63      -6.36      -9.50    1999.91     -16.00    -500.00
     -9999     -9999    100.800     12.055    -10.815    -71.565      0.000    -90.674
    0.0900         0      38.95      -7.19     -10.44    1999.88     -18.00    -500.00
     -9999     -9999    158.400     12.062    -10.917    -71.565      0.000    -90.759
    0.1000         0      43.27      -8.03     -11.38    1999.85     -20.00    -500.00
     -9999     -9999    216.000     12.069    -11.019    -71.565      0.000    -90.843
    0.1100         0      47.59      -8.87     -12.32    1999.82     -22.00    -500.00
     -9999     -9999    273.600     12.076    -11.121    -71.565      0.000    -90.927
    0.1200         0      51.91      -9.72     -13.27    1999.79     -24.00    -500.00
     -9999     -9999    331.200     12.083    -11.223    -71.565      0.000    -91.011
    0.1300         0      56.22     -10.59     -14.21    1999.75     -26.00    -500.00
     -9999     -9999     28.800     12.090    -11.325    -71.565      0.000    -91.096
    0.1400         0      60.54     -11.45     -15.15    1999.71     -28.00    -500.00
     -9999     -9999     86.400     12.097    -11.426    -71.565      0.000    -91.180
    0.1500         0      64.85     -12.33     -16.09    1999.67     -30.00    -500.00
     -9999     -9999    144.000     12.104    -11.528    -71.565      0.000    -91.264
    0.1600         0      69.16     -13.21     -17.04    1999.62     -32.00    -500.00
     -9999     -9999    201.600     12.112    -11.630    -71.565      0.000    -91.349
    0.1700         0      73.47     -14.10     -17.98    1999.57     -34.00    -500.00
     -9999     -9999    259.200     12.119    -11.732    -71.565      0.000    -91.433
    0.1800         0      77.77     -15.00     -18.93    1999.52     -36.00    -500.00
     -9999     -9999    316.800     12.126    -11.834    -71.565      0.000    -91.517
    0.1900         0      82.08     -15.91     -19.87    1999.47     -38.00    -500.00
     -9999     -9999     14.400     12.133    -11.936    -71.565      0.000    -91.601
    0.2000         0      86.38     -16.82     -20.82    1999.41     -39.99    -500.00
     -9999     -9999     72.000     12.140    -12.038    -71.565      0.000    -91.686
    0.2100         0      90.69     -17.74     -21.77    1999.35     -41.99    -500.00
     -9999     -9999    129.600     12.147    -12.140    -71.565      0.000    -91.770
    0.2200         0      94.99     -18.67     -22.71    1999.29     -43.99    -500.00
     -9999     -9999    187.200     12.154    -12.242    -71.565      0.000    -91.854
    0.2300         0      99.28     -19.61     -23.66    1999.22     -45.99    -500.00
     -9999     -9999    244.800     12.161    -12.344    -71.565      0.000    -91.938
    0.2400         0     103.58     -20.55     -24.61    1999.15     -47.99    -500.00
     -9999     -9999    302.400     12.169    -12.446    -71.565      0.000    -92.023
    0.2500         0     107.87     -21.50     -25.56    1999.08     -49.99    -500.00
     -9999     -9999      0.000     12.176    -12.548    -71.565      0.000    -92.107
    0.2600         0     112.17     -22.46     -26.51    1999.01     -51.99    -500.00
     -9999     -9999     57.600     12.183    -12.649    -71.565      0.000    -92.191
    0.2700         0     116.46     -23.43     -27.46    1998.93     -53.99    -500.00
     -9999     -9999    115.200     12.190    -12.751    -71.565      0.000    -92.276
    0.2800         0     120.75     -24.40     -28.41    1998.85     -55.98    -500.00
     -9999     -9999    172.800     12.198    -12.853    -71.565      0.000    -92.360
    0.2900         0     125.03     -25.39     -29.36    1998.76     -57.98    -500.00
     -9999     -9999    230.400     12.205    -12.955    -71.565      0.000    -92.444
    0.3000         0     129.32     -26.38     -30.31    1998.68     -59.98    -500.00
     -9999     -9999    288.000     12.212    -13.057    -71.565      0.000    -92.528
    0.3100         0     133.60     -27.37     -31.26    1998.59     -61.98    -500.00
     -9999     -9999    345.600     12.219    -13.159    -71.565      0.000    -92.613
    0.3200         0     137.89     -28.38     -32.21    1998.49     -63.98    -500.00
     -9999     -9999     43.200     12.227    -13.261    -71.565      0.000    -92.697
    0.3300         0     142.16     -29.39     -33.17    1998.40     -65.97    -500.00
     -9999     -9999    100.800     12.234    -13.363    -71.565      0.000    -92.781
    0.3400         0     146.44     -30.41     -34.12    1998.30     -67.97    -500.00
     -9999     -9999    158.400     12.241    -13.465    -71.565      0.000    -92.866
    0.3500         0     150.72     -31.44     -35.08    1998.20     -69.97    -500.00
     -9999     -9999    216.000     12.249    -13.567    -71.565      0.000    -92.950
    0.3600         0     154.99     -32.48     -36.03    1998.09     -71.97    -500.00
     -9999     -9999    273.600     12.256    -13.669    -71.565      0.000    -93.034
    0.3700         0     159.26     -33.52     -36.99    1997.99     -73.96    -500.00
     -9999     -9999    331.200     12.264    -13.771    -71.565      0.000    -93.118
    0.3800         0     163.53     -34.57     -37.94    1997.88     -75.96    -500.00
     -9999     -9999     28.800     12.271    -13.873    -71.565      0.000    -93.203
    0.3900         0     167.80     -35.63     -38.90    1997.76     -77.96    -500.00
     -9999     -9999     86.400     12.279    -13.975    -71.565      0.000    -93.287
    0.4000         0     172.07     -36.69     -39.86    1997.65     -79.95    -500.00
     -9999     -9999    144.000     12.286    -14.077    -71.565      0.000    -93.371
    0.4100         0     176.33     -37.77     -40.82    1997.53     -81.95    -500.00
     -9999     -9999    201.600     12.293    -14.178    -71.565      0.000    -93.456
    0.4200         0     180.59     -38.85     -41.77    1997.41     -83.95    -500.00
     -9999     -9999    259.200     12.301    -14.280    -71.565      0.000    -93.540
    0.4300         0     184.85     -39.93     -42.73    1997.28     -85.94    -500.00
     -9999     -9999    316.800     12.309    -14.382    -71.565      0.000    -93.624
    0.4400         0     189.11     -41.03     -43.69    1997.15     -87.94    -500.00
     -9999     -9999     14.400     12.316    -14.484    -71.565      0.000    -93.708
    0.4500         0     193.37     -42.13     -44.65    1997.02     -89.93    -500.00
     -9999     -9999     72.000     12.324    -14.586    -71.565      0.000    -93.793
    0.4600         0     197.62     -43.24     -45.61    1996.89     -91.93    -500.00
     -9999     -9999    129.600     12.331    -14.688    -71.565      0.000    -93.877
    0.4700         0     201.87     -44.36     -46.57    1996.75     -93.93    -500.00
     -9999     -9999    187.200     12.339    -14.790    -71.565      0.000    -93.961
    0.4800         0     206.12     -45.49     -47.54    1996.61     -95.92    -500.00
     -9999     -9999    244.800     12.347    -14.892    -71.565      0.000    -94.046
    0.4900         0     210.37     -46.62     -48.50    1996.47     -97.92    -500.00
     -9999     -9999    302.400     12.354    -14.994    -71.565      0.000    -94.130
    0.5000         0     214.61     -47.76     -49.46    1996.32     -99.91    -500.00
     -9999     -9999      0.000     12.362    -15.096    -71.565      0.000    -94.214
    0.5100         0     218.86     -48.91     -50.43    1996.18    -101.90    -500.00
     -9999     -9999     57.600     12.370    -15.198    -71.565      0.000    -94.298
    0.5200         0     223.10     -50.07     -51.39    1996.02    -103.90    -500.00
     -9999     -9999    115.200     12.377    -15.300    -71.565      0.000    -94.383
    0.5300         0     227.34     -51.23     -52.35    1995.87    -105.89    -500.00
     -9999     -9999    172.800     12.385    -15.402    -71.565      0.000    -94.467
    0.5400         0     231.57     -52.40     -53.32    1995.71    -107.89    -500.00
     -9999     -9999    230.400     12.393    -15.504    -71.565      0.000    -94.551
    0.5500         0     235.81     -53.58     -54.29    1995.55    -109.88    -500.00
     -9999     -9999    288.000     12.401    -15.606    -71.565      0.000    -94.636
    0.5600         0     240.04     -54.77     -55.25    1995.39    -111.87    -500.00
     -9999     -9999    345.600     12.409    -15.708    -71.565      0.000    -94.720
    0.5700         0     244.27     -55.96     -56.22    1995.22    -113.87    -500.00
     -9999     -9999     43.200     12.417    -15.810    -71.565      0.000    -94.804
    0.5800         0     248.49     -57.16     -57.19    1995.05    -115.86    -500.00
     -9999     -9999    100.800     12.425    -15.912    -71.565      0.000    -94.888
    0.5900         0     252.72     -58.37     -58.16    1994.88    -117.85    -500.00
     -9999     -9999    158.400     12.432    -16.014    -71.565      0.000    -94.973
    0.6000         0     256.94     -59.59     -59.13    1994.71    -119.84    -500.00
     -9999     -9999    216.000     12.440    -16.116    -71.565      0.000    -95.057
    0.6100         0     261.16     -60.81     -60.10    1994.53    -121.84    -500.00
     -9999     -9999    273.600     12.448    -16.218    -71.565      0.000    -95.141
    0.6200         0     265.38     -62.04     -61.07    1994.35    -123.83    -500.00
     -9999     -9999    331.200     12.456    -16.320    -71.565      0.000    -95.225
    0.6300         0     269.60     -63.28     -62.04    1994.17    -125.82    -500.00
     -9999     -9999     28.800     12.464    -16.422    -71.565      0.000    -95.310
    0.6400         0     273.81     -64.53     -63.01    1993.98    -127.81    -500.00
     -9999     -9999     86.400     12.473    -16.523    -71.565      0.000    -95.394
    0.6500         0     278.02     -65.78     -63.98    1993.79    -129.80    -500.00
     -9999     -9999    144.000     12.481    -16.625    -71.565      0.000    -95.478
    0.6600         0     282.23     -67.04     -64.95    1993.60    -131.79    -500.00
     -9999     -9999    201.600     12.489    -16.727    -71.565      0.000    -95.563
    0.6700         0     286.44     -68.31     -65.93    1993.40    -133.78    -500.00
     -9999     -9999    259.200     12.497    -16.829    -71.565      0.000    -95.647
    0.6800         0     290.64     -69.58     -66.90    1993.20    -135.77    -500.00
     -9999     -9999    316.800     12.505    -16.931    -71.565      0.000    -95.731
    0.6900         0     294.84     -70.87     -67.88    1993.00    -137.76    -500.00
     -9999     -9999     14.400     12.513    -17.033    -71.565      0.000    -95.815
    0.7000         0     299.04     -72.16     -68.85    1992.80    -139.75    -500.00
     -9999     -9999     72.000     12.522    -17.135    -71.565      0.000    -95.900
    0.7100         0     303.24     -73.46     -69.83    1992.59    -141.74    -500.00
     -9999     -9999    129.600     12.530    -17.237    -71.565      0.000    -95.984
    0.7200         0     307.43     -74.76     -70.80    1992.38    -143.73    -500.00
     -9999     -9999    187.200     12.538    -17.339    -71.565      0.000    -96.068
    0.7300         0     311.62     -76.07     -71.78    1992.17    -145.72    -500.00
     -9999     -9999    244.800     12.547    -17.441    -71.565      0.000    -96.153
    0.7400         0     315.81     -77.39     -72.76    1991.95    -147.71    -500.00
     -9999     -9999    302.400     12.555    -17.543    -71.565      0.000    -96.237
    0.7500         0     320.00     -78.72     -73.74    1991.73    -149.70    -500.00
     -9999     -9999      0.000     12.564    -17.645    -71.565      0.000    -96.321
    0.7600         0     324.19     -80.06     -74.72    1991.51    -151.68    -500.00
     -9999     -9999     57.600     12.572    -17.747    -71.565      0.000    -96.405
    0.7700         0     328.37     -81.40     -75.70    1991.29    -153.67    -500.00
     -9999     -9999    115.200     12.581    -17.849    -71.565      0.000    -96.490
    0.7800         0     332.55     -82.75     -76.68    1991.06    -155.66    -500.00
     -9999     -9999    172.800     12.589    -17.951    -71.565      0.000    -96.574
    0.7900         0     336.72     -84.11     -77.66    1990.83    -157.64    -500.00
     -9999     -9999    230.400     12.598    -18.053    -71.565      0.000    -96.658
    0.8000         0     340.90     -85.47     -78.64    1990.60    -159.63    -500.00
     -9999     -9999    288.000     12.606    -18.155    -71.565      0.000    -96.743
    0.8100         0     345.07     -86.84     -79.62    1990.36    -161.62    -500.00
     -9999     -9999    345.600     12.615    -18.257    -71.565      0.000    -96.827
    0.8200         0     349.24     -88.22     -80.60    1990.12    -163.60    -500.00
     -9999     -9999     43.200     12.624    -18.359    -71.565      0.000    -96.911
    0.8300         0     353.40     -89.61     -81.59    1989.88    -165.59    -500.00
     -9999     -9999    100.800     12.632    -18.461    -71.565      0.000    -96.995
    0.8400         0     357.57     -91.00     -82.57    1989.63    -167.57    -500.00
     -9999     -9999    158.400     12.641    -18.563    -71.565      0.000    -97.080
    0.8500         0     361.73     -92.41     -83.56    1989.39    -169.56    -500.00
     -9999     -9999    216.000     12.650    -18.665    -71.565      0.000    -97.164
    0.8600         0     365.89     -93.81     -84.54    1989.14    -171.54    -500.00
     -9999     -9999    273.600     12.659    -18.767    -71.565      0.000    -97.248
    0.8700         0     370.04     -95.23     -85.53    1988.88    -173.53    -500.00
     -9999     -9999    331.200     12.668    -18.869    -71.565      0.000    -97.333
    0.8800         0     374.20     -96.65     -86.52    1988.62    -175.51    -500.00
     -9999     -9999     28.800     12.677    -18.971    -71.565      0.000    -97.417
    0.8900         0     378.35     -98.08     -87.51    1988.36    -177.49    -500.00
     -9999     -9999     86.400     12.686    -19.073    -71.565      0.000    -97.501
    0.9000         0     382.50     -99.52     -88.49    1988.10    -179.47    -500.00
     -9999     -9999    144.000     12.695    -19.175    -71.565      0.000    -97.585
    0.9100         0     386.64    -100.97     -89.48    1987.84    -181.46    -500.00
     -9999     -9999    201.600     12.704    -19.277    -71.565      0.000    -97.670
    0.9200         0     390.78    -102.42     -90.47    1987.57    -183.44    -500.00
     -9999     -9999    259.200     12.713    -19.379    -71.565      0.000    -97.754
    0.9300         0     394.92    -103.88     -91.46    1987.30    -185.42    -500.00
     -9999     -9999    316.800     12.722    -19.481    -71.565      0.000    -97.838
    0.9400         0     399.06    -105.35     -92.46    1987.02    -187.40    -500.00
     -9999     -9999     14.400     12.731    -19.583    -71.565      0.000    -97.923
    0.9500         0     403.19    -106.82     -93.45    1986.75    -189.38    -500.00
     -9999     -9999     72.000     12.740    -19.685    -71.565      0.000    -98.007
    0.9600         0     407.32    -108.31     -94.44    1986.47    -191.36    -500.00
     -9999     -9999    129.600     12.750    -19.787    -71.565      0.000    -98.091
    0.9700         0     411.45    -109.80     -95.43    1986.18    -193.34    -500.00
     -9999     -9999    187.200     12.759    -19.889    -71.565      0.000    -98.175
    0.9800         0     415.58    -111.29     -96.43    1985.90    -195.32    -500.00
     -9999     -9999    244.800     12.769    -19.991    -71.565      0.000    -98.260
    0.9900         0     419.70    -112.80     -97.42    1985.61    -197.30    -500.00
     -9999     -9999    302.400     12.778    -20.092    -71.565      0.000    -98.344
    1.0000         0     423.82    -114.31     -98.42    1985.32    -199.28    -500.00
     -9999     -9999      0.000     12.787    -20.194    -71.565      0.000    -98.428
    1.0100         0     427.94    -115.83     -99.41    1985.02    -201.26    -500.00
     -9999     -9999     57.600     12.797    -20.296    -71.565      0.000    -98.512
    1.0200         0     432.05    -117.35    -100.41    1984.72    -203.24    -500.00
     -9999     -9999    115.200     12.807    -20.398    -71.565      0.000    -98.597
    1.0300         0     436.16    -118.88    -101.41    1984.42    -205.21    -500.00
     -9999     -9999    172.800     12.816    -20.500    -71.565      0.000    -98.681
    1.0400         0     440.27    -120.43    -102.41    1984.12    -207.19    -500.00
     -9999     -9999    230.400     12.826    -20.601    -71.565      0.000    -98.765
    1.0500         0     444.38    -121.97    -103.41    1983.81    -209.17    -500.00
     -9999     -9999    288.000     12.836    -20.702    -71.565      0.000    -98.850
    1.0600         0     448.48    -123.53    -104.41    1983.51    -211.14    -500.00
     -9999     -9999    345.600     12.845    -20.802    -71.565      0.000    -98.934
    1.0700         0     452.58    -125.09    -105.41    1983.19    -213.12    -500.00
     -9999     -9999     43.200     12.855    -20.902    -71.565      0.000    -99.018
    1.0800         0     456.68    -126.66    -106.41    1982.88    -215.09    -500.00
     -9999     -9999    100.800     12.865    -21.001    -71.565      0.000    -99.102
    1.0900         0     460.77    -128.23    -107.41    1982.56    -217.07    -500.00
     -9999     -9999    158.400     12.874    -21.099    -71.565      0.000    -99.187
    1.1000         0     464.86    -129.82    -108.42    1982.24    -219.04    -500.00
     -9999     -9999    216.000     12.884    -21.197    -71.565      0.000    -99.271
    1.1100         0     468.95    -131.41    -109.42    1981.92    -221.01    -500.00
     -9999     -9999    273.600     12.894    -21.295    -71.565      0.000    -99.355
    1.1200         0     473.04    -133.00    -110.42    1981.59    -222.99    -500.00
     -9999     -9999    331.200     12.903    -21.392    -71.565      0.000    -99.440
    1.1300         0     477.12    -134.61    -111.43    1981.26    -224.96    -500.00
     -9999     -9999     28.800     12.913    -21.488    -71.565      0.000    -99.524
    1.1400         0     481.20    -136.22    -112.43    1980.93    -226.93    -500.00
     -9999     -9999     86.400     12.923    -21.584    -71.565      0.000    -99.608
    1.1500         0     485.28    -137.83    -113.44    1980.59    -228.90    -500.00
     -9999     -9999    144.000     12.932    -21.679    -71.565      0.000    -99.692
    1.1600         0     489.35    -139.46    -114.45    1980.25    -230.88    -500.00
     -9999     -9999    201.600     12.942    -21.774    -71.565      0.000    -99.777
    1.1700         0     493.42    -141.09    -115.46    1979.91    -232.85    -500.00
     -9999     -9999    259.200     12.952    -21.868    -71.565      0.000    -99.861
    1.1800         0     497.49    -142.72    -116.47    1979.57    -234.82    -500.00
     -9999     -9999    316.800     12.962    -21.962    -71.565      0.000    -99.945
    1.1900         0     501.56    -144.37    -117.48    1979.22    -236.79    -500.00
     -9999     -9999     14.400     12.971    -22.055    -71.565      0.000   -100.030
    1.2000         0     505.62    -146.02    -118.49    1978.87    -238.76    -500.00
     -9999     -9999     72.000     12.981    -22.148    -71.565      0.000   -100.114
    1.2100         0     509.68    -147.67    -119.50    1978.52    -240.72    -500.00
     -9999     -9999    129.600     12.991    -22.240    -71.565      0.000   -100.198
    1.2200         0     513.74    -149.34    -120.51    1978.16    -242.69    -500.00
     -9999     -9999    187.200     13.001    -22.332    -71.565      0.000   -100.282
    1.2300         0     517.79    -151.00    -121.52    1977.81    -244.66    -500.00
     -9999     -9999    244.800     13.011    -22.423    -71.565      0.000   -100.367
    1.2400         0     521.84    -152.68    -122.54    1977.44    -246.63    -500.00
     -9999     -9999    302.400     13.020    -22.513    -71.565      0.000   -100.451
    1.2500         0     525.89    -154.36    -123.55    1977.08    -248.59    -500.00
     -9999     -9999    360.000     13.030    -22.603    -71.565      0.000   -100.535
    1.2600         0     529.94    -156.05    -124.56    1976.71    -250.56    -500.00
     -9999     -9999     57.600     13.040    -22.693    -71.565      0.000   -100.620
    1.2700         0     533.98    -157.74    -125.58    1976.34    -252.53    -500.00
     -9999     -9999    115.200     13.050    -22.782    -71.565      0.000   -100.704
    1.2800         0     538.02    -159.45    -126.60    1975.97    -254.49    -500.00
     -9999     -9999    172.800     13.060    -22.870    -71.565      0.000   -100.788
    1.2900         0     542.06    -161.15    -127.61    1975.59    -256.45    -500.00
     -9999     -9999    230.400     13.070    -22.958    -71.565      0.000   -100.872
    1.3000         0     546.09    -162.86    -128.63    1975.22    -258.42    -500.00
     -9999     -9999    288.000     13.080    -23.046    -71.565      0.000   -100.957
    1.3100         0     550.13    -164.58    -129.65    1974.83    -260.38    -500.00
     -9999     -9999    345.600     13.090    -23.132    -71.565      0.000   -101.041
    1.3200         0     554.16    -166.31    -130.67    1974.45    -262.34    -500.00
     -9999     -9999     43.200     13.100    -23.219    -71.565      0.000   -101.125
    1.3300         0     558.18    -168.04    -131.69    1974.06    -264.31    -500.00
     -9999     -9999    100.800     13.110    -23.305    -71.565      0.000   -101.209
    1.3400         0     562.21    -169.78    -132.71    1973.67    -266.27    -500.00
     -9999     -9999    158.400     13.120    -23.390    -71.565      0.000   -101.294
    1.3500         0     566.23    -171.52    -133.73    1973.28    -268.23    -500.00
     -9999     -9999    216.000     13.130    -23.475    -71.565      0.000   -101.378
    1.3600         0     570.25    -173.27    -134.76    1972.88    -270.19    -500.00
     -9999     -9999    273.600     13.140    -23.559    -71.565      0.000   -101.462
    1.3700         0     574.26    -175.02    -135.78    1972.48    -272.15    -500.00
     -9999     -9999    331.200     13.150    -23.643    -71.565      0.000   -101.547
    1.3800         0     578.27    -176.78    -136.80    1972.08    -274.11    -500.00
     -9999     -9999     28.800     13.160    -23.727    -71.565      0.000   -101.631
    1.3900         0     582.28    -178.55    -137.83    1971.68    -276.07    -500.00
     -9999     -9999     86.400     13.170    -23.809    -71.565      0.000   -101.715
    1.4000         0     586.29    -180.32    -138.85    1971.27    -278.03    -500.00
     -9999     -9999    144.000     13.180    -23.892    -71.565      0.000   -101.799
    1.4100         0     590.30    -182.10    -139.88    1970.86    -279.98    -500.00
     -9999     -9999    201.600     13.190    -23.974    -71.565      0.000   -101.884
    1.4200         0     594.30    -183.88    -140.91    1970.45    -281.94    -500.00
     -9999     -9999    259.200     13.200    -24.055    -71.565      0.000   -101.968
    1.4300         0     598.30    -185.67    -141.94    1970.03    -283.90    -500.00
     -9999     -9999    316.800     13.211    -24.136    -71.565      0.000   -102.052
    1.4400         0     602.29    -187.46    -142.96    1969.61    -285.85    -500.00
     -9999     -9999     14.400     13.221    -24.216    -71.565      0.000   -102.137
    1.4500         0     606.29    -189.26    -143.99    1969.19    -287.81    -500.00
     -9999     -9999     72.000     13.231    -24.296    -71.565      0.000   -102.221
    1.4600         0     610.28    -191.07    -145.02    1968.76    -289.76    -500.00
     -9999     -9999    129.600     13.241    -24.375    -71.565      0.000   -102.305
    1.4700         0     614.27    -192.88    -146.06    1968.34    -291.71    -500.00
     -9999     -9999    187.200     13.252    -24.454    -71.565      0.000   -102.389
    1.4800         0     618.25    -194.69    -147.09    1967.91    -293.67    -500.00
     -9999     -9999    244.800     13.262    -24.532    -71.565      0.000   -102.474
    1.4900         0     622.24    -196.52    -148.12    1967.47    -295.62    -500.00
     -9999     -9999    302.400     13.272    -24.610    -71.565      0.000   -102.558
    1.5000         0     626.22    -198.34    -149.15    1967.04    -297.57    -500.00
     -9999     -9999    360.000     13.283    -24.688    -71.565      0.000   -102.642
    1.5100         0     630.20    -200.17    -150.19    1966.60    -299.52    -500.00
     -9999     -9999     57.600     13.293    -24.765    -71.565      0.000   -102.727
    1.5200         0     634.17    -202.01    -151.22    1966.16    -301.47    -500.00
     -9999     -9999    115.200     13.304    -24.841    -71.565      0.000   -102.811
    1.5300         0     638.14    -203.85    -152.26    1965.71    -303.42    -500.00
     -9999     -9999    172.800     13.314    -24.917    -71.565      0.000   -102.895
    1.5400         0     642.11    -205.70    -153.30    1965.26    -305.37    -500.00
     -9999     -9999    230.400     13.325    -24.992    -71.565      0.000   -102.979
    1.5500         0     646.08    -207.55    -154.33    1964.81    -307.32    -500.00
     -9999     -9999    288.000     13.335    -25.067    -71.565      0.000   -103.064
    1.5600         0     650.05    -209.41    -155.37    1964.36    -309.27    -500.00
     -9999     -9999    345.600     13.346    -25.141    -71.565      0.000   -103.148
    1.5700         0     654.01    -211.27    -156.41    1963.90    -311.22    -500.00
     -9999     -9999     43.200     13.356    -25.215    -71.565      0.000   -103.232
    1.5800         0     657.97    -213.14    -157.45    1963.44    -313.16    -500.00
     -9999     -9999    100.800     13.367    -25.289    -71.565      0.000   -103.317
    1.5900         0     661.93    -215.01    -158.49    1962.98    -315.11    -500.00
     -9999     -9999    158.400     13.378    -25.362    -71.565      0.000   -103.401
    1.6000         0     665.88    -216.89    -159.53    1962.52    -317.05    -500.00
     -9999     -9999    216.000     13.388    -25.434    -71.565      0.000   -103.485
    1.6100         0     669.83    -218.77    -160.58    1962.05    -319.00    -500.00
     -9999     -9999    273.600     13.399    -25.506    -71.565      0.000   -103.569
    1.6200         0     673.78    -220.66    -161.62    1961.58    -320.94    -500.00
     -9999     -9999    331.200     13.410    -25.578    -71.565      0.000   -103.654
    1.6300         0     677.73    -222.55    -162.66    1961.10    -322.89    -500.00
     -9999     -9999     28.800     13.421    -25.649    -71.565      0.000   -103.738
    1.6400         0     681.67    -224.45    -163.71    1960.63    -324.83    -500.00
     -9999     -9999     86.400     13.432    -25.719    -71.565      0.000   -103.822
    1.6500         0     685.62    -226.35    -164.75    1960.15    -326.77    -500.00
     -9999     -9999    144.000     13.442    -25.789    -71.565      0.000   -103.907
    1.6600         0     689.56    -228.26    -165.80    1959.67    -328.71    -500.00
     -9999     -9999    201.600     13.453    -25.859    -71.565      0.000   -103.991
    1.6700         0     693.49    -230.17    -166.85    1959.18    -330.65    -500.00
     -9999     -9999    259.200     13.464    -25.928    -71.565      0.000   -104.075
    1.6800         0     697.43    -232.09    -167.90    1958.69    -332.59    -500.00
     -9999     -9999    316.800     13.475    -25.997    -71.565      0.000   -104.159
    1.6900         0     701.36    -234.01    -168.94    1958.20    -334.53    -500.00
     -9999     -9999     14.400     13.486    -26.065    -71.565      0.000   -104.244
    1.7000         0     705.29    -235.93    -169.99    1957.71    -336.47    -500.00
     -9999     -9999     72.000     13.497    -26.133    -71.565      0.000   -104.328
    1.7100         0     709.22    -237.86    -171.05    1957.21    -338.40    -500.00
     -9999     -9999    129.600     13.508    -26.200    -71.565      0.000   -104.412
    1.7200         0     713.14    -239.80    -172.10    1956.71    -340.34    -500.00
     -9999     -9999    187.200     13.520    -26.266    -71.565      0.000   -104.496
    1.7300         0     717.06    -241.73    -173.15    1956.21    -342.28    -500.00
     -9999     -9999    244.800     13.531    -26.333    -71.565      0.000   -104.581
    1.7400         0     720.98    -243.68    -174.20    1955.71    -344.21    -500.00
     -9999     -9999    302.400     13.542    -26.399    -71.565      0.000   -104.665
    1.7500         0     724.90    -245.62    -175.26    1955.20    -346.15    -500.00
     -9999     -9999    360.000     13.553    -26.464    -71.565      0.000   -104.749
    1.7600         0     728.82    -247.58    -176.31    1954.69    -348.08    -500.00
     -9999     -9999     57.600     13.564    -26.529    -71.565      0.000   -104.834
    1.7700         0     732.73    -249.53    -177.37    1954.17    -350.01    -500.00
     -9999     -9999    115.200     13.576    -26.593    -71.565      0.000   -104.918
    1.7800         0     736.64    -251.49    -178.42    1953.66    -351.95    -500.00
     -9999     -9999    172.800     13.587    -26.657    -71.565      0.000   -105.002
    1.7900         0     740.55    -253.46    -179.48    1953.14    -353.88    -500.00
     -9999     -9999    230.400     13.599    -26.720    -71.565      0.000   -105.086
    1.8000         0     744.45    -255.43    -180.54    1952.62    -355.81    -500.00
     -9999     -9999    288.000     13.610    -26.783    -71.565      0.000   -105.171
    1.8100         0     748.36    -257.40    -181.60    1952.09    -357.74    -500.00
     -9999     -9999    345.600     13.621    -26.846    -71.565      0.000   -105.255
    1.8200         0     752.26    -259.38    -182.66    1951.57    -359.67    -500.00
     -9999     -9999     43.200     13.633    -26.908    -71.565      0.000   -105.339
    1.8300         0     756.16    -261.36    -183.72    1951.03    -361.60    -500.00
     -9999     -9999    100.800     13.645    -26.970    -71.565      0.000   -105.424
    1.8400         0     760.05    -263.34    -184.78    1950.50    -363.52    -500.00
     -9999     -9999    158.400     13.656    -27.031    -71.565      0.000   -105.508
    1.8500         0     763.95    -265.33    -185.85    1949.97    -365.45    -500.00
     -9999     -9999    216.000     13.668    -27.091    -71.565      0.000   -105.592
    1.8600         0     767.84    -267.32    -186.91    1949.43    -367.38    -500.00
     -9999     -9999    273.600     13.680    -27.152    -71.565      0.000   -105.676
    1.8700         0     771.73    -269.32    -187.97    1948.88    -369.30    -500.00
     -9999     -9999    331.200     13.691    -27.211    -71.565      0.000   -105.761
    1.8800         0     775.61    -271.32    -189.04    1948.34    -371.23    -500.00
     -9999     -9999     28.800     13.703    -27.271    -71.565      0.000   -105.845
    1.8900         0     779.50    -273.33    -190.11    1947.79    -373.15    -500.00
     -9999     -9999     86.400     13.715    -27.330    -71.565      0.000   -105.929
    1.9000         0     783.38    -275.34    -191.17    1947.24    -375.07    -500.00
     -9999     -9999    144.000     13.727    -27.388    -71.565      0.000   -106.014
    1.9100         0     787.26    -277.35    -192.24    1946.69    -376.99    -500.00
     -9999     -9999    201.600     13.739    -27.446    -71.565      0.000   -106.098
    1.9200         0     791.14    -279.37    -193.31    1946.13    -378.92    -500.00
     -9999     -9999    259.200     13.751    -27.503    -71.565      0.000   -106.182
    1.9300         0     795.02    -281.39    -194.38    1945.57    -380.84    -500.00
     -9999     -9999    316.800     13.763    -27.560    -71.565      0.000   -106.266
    1.9400         0     798.89    -283.41    -195.45    1945.01    -382.76    -500.00
     -9999     -9999     14.400     13.775    -27.617    -71.565      0.000   -106.351
    1.9500         0     802.76    -285.44    -196.52    1944.45    -384.67    -500.00
     -9999     -9999     72.000     13.787    -27.673    -71.565      0.000   -106.435
    1.9600         0     806.63    -287.47    -197.60    1943.88    -386.59    -500.00
     -9999     -9999    129.600     13.799    -27.729    -71.565      0.000   -106.519
    1.9700         0     810.50    -289.51    -198.67    1943.31    -388.51    -500.00
     -9999     -9999    187.200     13.811    -27.784    -71.565      0.000   -106.604
    1.9800         0     814.36    -291.54    -199.75    1942.74    -390.42    -500.00
     -9999     -9999    244.800     13.823    -27.839    -71.565      0.000   -106.688
    1.9900         0     818.23    -293.59    -200.82    1942.16    -392.34    -500.00
     -9999     -9999    302.400     13.836    -27.893    -71.565      0.000   -106.772
    2.0000         0     822.09    -295.63    -201.90    1941.58    -394.25    -500.00
     -9999     -9999    360.000     13.848    -27.947    -71.565      0.000   -106.856
    2.0100         0     825.94    -297.68    -202.98    1941.00    -396.17    -500.00
     -9999     -9999     57.600     13.860    -28.000    -71.565      0.000   -106.941
    2.0200         0     829.80    -299.74    -204.05    1940.42    -398.08    -500.00
     -9999     -9999    115.200     13.873    -28.053    -71.565      0.000   -107.025
    2.0300         0     833.66    -301.79    -205.13    1939.83    -399.99    -500.00
     -9999     -9999    172.800     13.885    -28.106    -71.565      0.000   -107.109
    2.0400         0     837.51    -303.85    -206.21    1939.24    -401.90    -500.00
     -9999     -9999    230.400     13.898    -28.158    -71.565      0.000   -107.194
    2.0500         0     841.36    -305.91    -207.29    1938.65    -403.81    -500.00
     -9999     -9999    288.000     13.910    -28.209    -71.565      0.000   -107.278
    2.0600         0     845.21    -307.98    -208.38    1938.05    -405.72    -500.00
     -9999     -9999    345.600     13.923    -28.261    -71.565      0.000   -107.362
    2.0700         0     849.05    -310.05    -209.46    1937.45    -407.63    -500.00
     -9999     -9999     43.200     13.936    -28.311    -71.565      0.000   -107.446
    2.0800         0     852.90    -312.12    -210.54    1936.85    -409.54    -500.00
     -9999     -9999    100.800     13.948    -28.362    -71.565      0.000   -107.531
    2.0900         0     856.74    -314.20    -211.63    1936.25    -411.45    -500.00
     -9999     -9999    158.400     13.961    -28.411    -71.565      0.000   -107.615
    2.1000         0     860.58    -316.28    -212.72    1935.64    -413.35    -500.00
     -9999     -9999    216.000     13.974    -28.461    -71.565      0.000   -107.699
    2.1100         0     864.42    -318.36    -213.80    1935.03    -415.26    -500.00
     -9999     -9999    273.600     13.987    -28.510    -71.565      0.000   -107.783
    2.1200         0     868.25    -320.45    -214.89    1934.42    -417.16    -500.00
     -9999     -9999    331.200     14.000    -28.558    -71.565      0.000   -107.868
    2.1300         0     872.09    -322.54    -215.98    1933.81    -419.06    -500.00
     -9999     -9999     28.800     14.013    -28.606    -71.565      0.000   -107.952
    2.1400         0     875.92    -324.63    -217.07    1933.19    -420.97    -500.00
     -9999     -9999     86.400     14.026    -28.654    -71.565      0.000   -108.036
    2.1500         0     879.75    -326.72    -218.16    1932.57    -422.87    -500.00
     -9999     -9999    144.000     14.039    -28.701    -71.565      0.000   -108.121
    2.1600         0     883.58    -328.82    -219.25    1931.94    -424.77    -500.00
     -9999     -9999    201.600     14.052    -28.748    -71.565      0.000   -108.205
    2.1700         0     887.40    -330.92    -220.35    1931.32    -426.67    -500.00
     -9999     -9999    259.200     14.065    -28.794    -71.565      0.000   -108.289
    2.1800         0     891.23    -333.03    -221.44    1930.69    -428.57    -500.00
     -9999     -9999    316.800     14.078    -28.840    -71.565      0.000   -108.373
    2.1900         0     895.05    -335.13    -222.54    1930.06    -430.46    -500.00
     -9999     -9999     14.400     14.092    -28.886    -71.565      0.000   -108.458
    2.2000         0     898.87    -337.24    -223.63    1929.42    -432.36    -500.00
     -9999     -9999     72.000     14.105    -28.931    -71.565      0.000   -108.542
    2.2100         0     902.69    -339.36    -224.73    1928.79    -434.26    -500.00
     -9999     -9999    129.600     14.118    -28.975    -71.565      0.000   -108.626
    2.2200         0     906.51    -341.47    -225.83    1928.15    -436.15    -500.00
     -9999     -9999    187.200     14.132    -29.020    -71.565      0.000   -108.711
    2.2300         0     910.32    -343.59    -226.93    1927.50    -438.04    -500.00
     -9999     -9999    244.800     14.145    -29.063    -71.565      0.000   -108.795
    2.2400         0     914.14    -345.71    -228.03    1926.86    -439.94    -500.00
     -9999     -9999    302.400     14.159    -29.107    -71.565      0.000   -108.879
    2.2500         0     917.95    -347.83    -229.13    1926.21    -441.83    -500.00
     -9999     -9999    360.000     14.172    -29.149    -71.565      0.000   -108.963
    2.2600         0     921.76    -349.96    -230.23    1925.56    -443.72    -500.00
     -9999     -9999     57.600     14.186    -29.192    -71.565      0.000   -109.048
    2.2700         0     925.56    -352.09    -231.33    1924.90    -445.61    -500.00
     -9999     -9999    115.200     14.200    -29.234    -71.565      0.000   -109.132
    2.2800         0     929.37    -354.22    -232.44    1924.25    -447.50    -500.00
     -9999     -9999    172.800     14.214    -29.275    -71.565      0.000   -109.216
    2.2900         0     933.17    -356.36    -233.54    1923.59    -449.39    -500.00
     -9999     -9999    230.400     14.227    -29.317    -71.565      0.000   -109.301
    2.3000         0     936.98    -358.49    -234.65    1922.92    -451.27    -500.00
     -9999     -9999    288.000     14.241    -29.357    -71.565      0.000   -109.385
    2.3100         0     940.78    -360.63    -235.76    1922.26    -453.16    -500.00
     -9999     -9999    345.600     14.255    -29.398    -71.565      0.000   -109.469
    2.3200         0     944.58    -362.78    -236.87    1921.59    -455.05    -500.00
     -9999     -9999     43.200     14.269    -29.437    -71.565      0.000   -109.553
    2.3300         0     948.37    -364.92    -237.98    1920.92    -456.93    -500.00
     -9999     -9999    100.800     14.283    -29.477    -71.565      0.000   -109.638
    2.3400         0     952.17    -367.07    -239.09    1920.25    -458.81    -500.00
     -9999     -9999    158.400     14.297    -29.516    -71.565      0.000   -109.722
    2.3500         0     955.96    -369.22    -240.20    1919.57    -460.70    -500.00
     -9999     -9999    216.000     14.312    -29.554    -71.565      0.000   -109.806
    2.3600         0     959.75    -371.37    -241.31    1918.89    -462.58    -500.00
     -9999     -9999    273.600     14.326    -29.592    -71.565      0.000   -109.891
    2.3700         0     963.55    -373.52    -242.43    1918.21    -464.46    -500.00
     -9999     -9999    331.200     14.340    -29.630    -71.565      0.000   -109.975
    2.3800         0     967.33    -375.68    -243.54    1917.52    -466.34    -500.00
     -9999     -9999     28.800     14.354    -29.667    -71.565      0.000   -110.059
    2.3900         0     971.12    -377.84    -244.66    1916.84    -468.21    -500.00
     -9999     -9999     86.400     14.369    -29.704    -71.565      0.000   -110.143
    2.4000         0     974.91    -380.00    -245.77    1916.15    -470.09    -500.00
     -9999     -9999    144.000     14.383    -29.741    -71.565      0.000   -110.228
    2.4100         0     978.69    -382.16    -246.89    1915.45    -471.97    -500.00
     -9999     -9999    201.600     14.398    -29.777    -71.565      0.000   -110.312
    2.4200         0     982.47    -384.33    -248.01    1914.76    -473.84    -500.00
     -9999     -9999    259.200     14.412    -29.812    -71.565      0.000   -110.396
    2.4300         0     986.25    -386.50    -249.13    1914.06    -475.72    -500.00
     -9999     -9999    316.800     14.427    -29.847    -71.565      0.000   -110.481
    2.4400         0     990.03    -388.67    -250.25    1913.36    -477.59    -500.00
     -9999     -9999     14.400     14.442    -29.882    -71.565      0.000   -110.565
    2.4500         0     993.81    -390.84    -251.38    1912.65    -479.46    -500.00
     -9999     -9999     72.000     14.456    -29.917    -71.565      0.000   -110.649
    2.4600         0     997.59    -393.01    -252.50    1911.95    -481.33    -500.00
     -9999     -9999    129.600     14.471    -29.950    -71.565      0.000   -110.733
    2.4700         0    1001.36    -395.19    -253.63    1911.24    -483.20    -500.00
     -9999     -9999    187.200     14.486    -29.984    -71.565      0.000   -110.818
    2.4800         0    1005.13    -397.37    -254.75    1910.53    -485.07    -500.00
     -9999     -9999    244.800     14.501    -30.017    -71.565      0.000   -110.902
    2.4900         0    1008.91    -399.55    -255.88    1909.81    -486.94    -500.00
     -9999     -9999    302.400     14.516    -30.050    -71.565      0.000   -110.986
    2.5000         0    1012.68    -401.73    -257.01    1909.09    -488.81    -500.00
     -9999     -9999    360.000     14.531    -30.082    -71.565      0.000   -111.070
    2.5100         0    1016.45    -403.92    -258.14    1908.37    -490.67    -500.00
     -9999     -9999     57.600     14.546    -30.114    -71.565      0.000   -111.155
    2.5200         0    1020.21    -406.10    -259.27    1907.65    -492.54    -500.00
     -9999     -9999    115.200     14.561    -30.145    -71.565      0.000   -111.239
    2.5300         0    1023.98    -408.29    -260.40    1906.92    -494.40    -500.00
     -9999     -9999    172.800     14.577    -30.176    -71.565      0.000   -111.323
    2.5400         0    1027.74    -410.48    -261.53    1906.20    -496.26    -500.00
     -9999     -9999    230.400     14.592    -30.206    -71.565      0.000   -111.408
    2.5500         0    1031.51    -412.67    -262.67    1905.46    -498.12    -500.00
     -9999     -9999    288.000     14.607    -30.237    -71.565      0.000   -111.492
    2.5600         0    1035.27    -414.87    -263.80    1904.73    -499.98    -500.00
     -9999     -9999    345.600     14.623    -30.266    -71.565      0.000   -111.576
    2.5700         0    1039.03    -417.06    -264.94    1903.99    -501.84    -500.00
     -9999     -9999     43.200     14.638    -30.296    -71.565      0.000   -111.660
    2.5800         0    1042.79    -419.26    -266.08    1903.25    -503.70    -500.00
     -9999     -9999    100.800     14.654    -30.324    -71.565      0.000   -111.745
    2.5900         0    1046.54    -421.46    -267.22    1902.51    -505.56    -500.00
     -9999     -9999    158.400     14.669    -30.353    -71.565      0.000   -111.829
    2.6000         0    1050.30    -423.66    -268.36    1901.77    -507.42    -500.00
     -9999     -9999    216.000     14.685    -30.381    -71.565      0.000   -111.913
    2.6100         0    1054.05    -425.86    -269.50    1901.02    -509.27    -500.00
     -9999     -9999    273.600     14.701    -30.409    -71.565      0.000   -111.998
    2.6200         0    1057.81    -428.06    -270.64    1900.27    -511.12    -500.00
     -9999     -9999    331.200     14.717    -30.436    -71.565      0.000   -112.082
    2.6300         0    1061.56    -430.27    -271.78    1899.52    -512.98    -500.00
     -9999     -9999     28.800     14.733    -30.462    -71.565      0.000   -112.166
    2.6400         0    1065.31    -432.48    -272.93    1898.76    -514.83    -500.00
     -9999     -9999     86.400     14.748    -30.489    -71.565      0.000   -112.250
    2.6500         0    1069.06    -434.69    -274.08    1898.00    -516.68    -500.00
     -9999     -9999    144.000     14.764    -30.515    -71.565      0.000   -112.335
    2.6600         0    1072.81    -436.90    -275.22    1897.24    -518.53    -500.00
     -9999     -9999    201.600     14.780    -30.540    -71.565      0.000   -112.419
    2.6700         0    1076.55    -439.11    -276.37    1896.48    -520.38    -500.00
     -9999     -9999    259.200     14.797    -30.565    -71.565      0.000   -112.503
    2.6800         0    1080.30    -441.32    -277.52    1895.71    -522.22    -500.00
     -9999     -9999    316.800     14.813    -30.590    -71.565      0.000   -112.588
    2.6900         0    1084.04    -443.54    -278.67    1894.94    -524.07    -500.00
     -9999     -9999     14.400     14.829    -30.614    -71.565      0.000   -112.672
    2.7000         0    1087.79    -445.75    -279.83    1894.17    -525.91    -500.00
     -9999     -9999     72.000     14.845    -30.638    -71.565      0.000   -112.756
    2.7100         0    1091.53    -447.97    -280.98    1893.39    -527.76    -500.00
     -9999     -9999    129.600     14.862    -30.662    -71.565      0.000   -112.840
    2.7200         0    1095.27    -450.19    -282.13    1892.61    -529.60    -500.00
     -9999     -9999    187.200     14.878    -30.685    -71.565      0.000   -112.925
    2.7300         0    1099.01    -452.41    -283.29    1891.83    -531.44    -500.00
     -9999     -9999    244.800     14.895    -30.707    -71.565      0.000   -113.009
    2.7400         0    1102.75    -454.63    -284.45    1891.05    -533.28    -500.00
     -9999     -9999    302.400     14.911    -30.730    -71.565      0.000   -113.093
    2.7500         0    1106.48    -456.85    -285.61    1890.26    -535.12    -500.00
     -9999     -9999    360.000     14.928    -30.752    -71.565      0.000   -113.178
    2.7600         0    1110.22    -459.08    -286.77    1889.48    -536.96    -500.00
     -9999     -9999     57.600     14.945    -30.773    -71.565      0.000   -113.262
    2.7700         0    1113.96    -461.30    -287.93    1888.68    -538.80    -500.00
     -9999     -9999    115.200     14.961    -30.794    -71.565      0.000   -113.346
    2.7800         0    1117.69    -463.53    -289.09    1887.89    -540.63    -500.00
     -9999     -9999    172.800     14.978    -30.814    -71.565      0.000   -113.430
    2.7900         0    1121.42    -465.76    -290.25    1887.09    -542.47    -500.00
     -9999     -9999    230.400     14.995    -30.835    -71.565      0.000   -113.515
    2.8000         0    1125.15    -467.98    -291.42    1886.29    -544.30    -500.00
     -9999     -9999    288.000     15.012    -30.854    -71.565      0.000   -113.599
    2.8100         0    1128.89    -470.21    -292.58    1885.49    -546.13    -500.00
     -9999     -9999    345.600     15.029    -30.874    -71.565      0.000   -113.683
    2.8200         0    1132.61    -472.44    -293.75    1884.69    -547.96    -500.00
     -9999     -9999     43.200     15.046    -30.893    -71.565      0.000   -113.768
    2.8300         0    1136.34    -474.68    -294.92    1883.88    -549.79    -500.00
     -9999     -9999    100.800     15.063    -30.911    -71.565      0.000   -113.852
    2.8400         0    1140.07    -476.91    -296.09    1883.07    -551.62    -500.00
     -9999     -9999    158.400     15.081    -30.929    -71.565      0.000   -113.936
    2.8500         0    1143.80    -479.14    -297.26    1882.26    -553.45    -500.00
     -9999     -9999    216.000     15.098    -30.947    -71.565      0.000   -114.020
    2.8600         0    1147.52    -481.38    -298.43    1881.44    -555.28    -500.00
     -9999     -9999    273.600     15.115    -30.964    -71.565      0.000   -114.105
    2.8700         0    1151.25    -483.61    -299.61    1880.62    -557.10    -500.00
     -9999     -9999    331.200     15.133    -30.981    -71.565      0.000   -114.189
    2.8800         0    1154.97    -485.85    -300.78    1879.80    -558.92    -500.00
     -9999     -9999     28.800     15.150    -30.998    -71.565      0.000   -114.273
    2.8900         0    1158.69    -488.09    -301.96    1878.98    -560.75    -500.00
     -9999     -9999     86.400     15.168    -31.014    -71.565      0.000   -114.357
    2.9000         0    1162.42    -490.32    -303.14    1878.15    -562.57    -500.00
     -9999     -9999    144.000     15.186    -31.029    -71.565      0.000   -114.442
    2.9100         0    1166.14    -492.56    -304.32    1877.32    -564.39    -500.00
     -9999     -9999    201.600     15.203    -31.045    -71.565      0.000   -114.526
    2.9200         0    1169.86    -494.80    -305.50    1876.49    -566.21    -500.00
     -9999     -9999    259.200     15.221    -31.059    -71.565      0.000   -114.610
    2.9300         0    1173.58    -497.04    -306.68    1875.66    -568.02    -500.00
     -9999     -9999    316.800     15.239    -31.074    -71.565      0.000   -114.695
    2.9400         0    1177.30    -499.29    -307.86    1874.82    -569.84    -500.00
     -9999     -9999     14.400     15.257    -31.088    -71.565      0.000   -114.779
    2.9500         0    1181.01    -501.53    -309.05    1873.98    -571.66    -500.00
     -9999     -9999     72.000     15.275    -31.101    -71.565      0.000   -114.863
    2.9600         0    1184.73    -503.77    -310.24    1873.14    -573.47    -500.00
     -9999     -9999    129.600     15.293    -31.115    -71.565      0.000   -114.947
    2.9700         0    1188.45    -506.01    -311.42    1872.30    -575.28    -500.00
     -9999     -9999    187.200     15.311    -31.127    -71.565      0.000   -115.032
    2.9800         0    1192.16    -508.26    -312.61    1871.45    -577.09    -500.00
     -9999     -9999    244.800     15.329    -31.140    -71.565      0.000   -115.116
    2.9900         0    1195.87    -510.50    -313.80    1870.60    -578.91    -500.00
     -9999     -9999    302.400     15.348    -31.152    -71.565      0.000   -115.200
    3.0000         0    1199.59    -512.75    -314.99    1869.74    -580.71    -500.00
     -9999     -9999    360.000     15.366    -31.163    -71.565      0.000   -115.285
    3.0100         0    1203.30    -514.99    -316.19    1868.89    -582.52    -500.00
     -9999     -9999     57.600     15.384    -31.174    -71.565      0.000   -115.369
    3.0200         0    1207.01    -517.24    -317.38    1868.03    -584.33    -500.00
     -9999     -9999    115.200     15.403    -31.185    -71.565      0.000   -115.453
    3.0300         0    1210.72    -519.49    -318.58    1867.17    -586.13    -500.00
     -9999     -9999    172.800     15.421    -31.195    -71.565      0.000   -115.537
    3.0400         0    1214.43    -521.73    -319.78    1866.31    -587.94    -500.00
     -9999     -9999    230.400     15.440    -31.205    -71.565      0.000   -115.622
    3.0500         0    1218.14    -523.98    -320.97    1865.44    -589.74    -500.00
     -9999     -9999    288.000     15.459    -31.215    -71.565      0.000   -115.706
    3.0600         0    1221.85    -526.23    -322.17    1864.57    -591.54    -500.00
     -9999     -9999    345.600     15.477    -31.224    -71.565      0.000   -115.790
    3.0700         0    1225.56    -528.48    -323.38    1863.70    -593.34    -500.00
     -9999     -9999     43.200     15.496    -31.232    -71.565      0.000   -115.875
    3.0800         0    1229.27    -530.73    -324.58    1862.83    -595.14    -500.00
     -9999     -9999    100.800     15.515    -31.241    -71.565      0.000   -115.959
    3.0900         0    1232.98    -532.97    -325.78    1861.95    -596.94    -500.00
     -9999     -9999    158.400     15.534    -31.248    -71.565      0.000   -116.043
    3.1000         0    1236.68    -535.22    -326.99    1861.07    -598.73    -500.00
     -9999     -9999    216.000     15.553    -31.256    -71.565      0.000   -116.127
    3.1100         0    1240.39    -537.47    -328.20    1860.19    -600.53    -500.00
     -9999     -9999    273.600     15.572    -31.263    -71.565      0.000   -116.212
    3.1200         0    1244.09    -539.72    -329.41    1859.30    -602.32    -500.00
     -9999     -9999    331.200     15.592    -31.270    -71.565      0.000   -116.296
    3.1300         0    1247.80    -541.97    -330.62    1858.42    -604.12    -500.00
     -9999     -9999     28.800     15.611    -31.276    -71.565      0.000   -116.380
    3.1400         0    1251.50    -544.22    -331.83    1857.53    -605.91    -500.00
     -9999     -9999     86.400     15.630    -31.281    -71.565      0.000   -116.465
    3.1500         0    1255.20    -546.47    -333.04    1856.63    -607.70    -500.00
     -9999     -9999    144.000     15.650    -31.287    -71.565      0.000   -116.549
    3.1600         0    1258.91    -548.72    -334.25    1855.74    -609.49    -500.00
     -9999     -9999    201.600     15.669    -31.292    -71.565      0.000   -116.633
    3.1700         0    1262.61    -550.97    -335.47    1854.84    -611.27    -500.00
     -9999     -9999    259.200     15.689    -31.296    -71.565      0.000   -116.717
    3.1800         0    1266.31    -553.22    -336.69    1853.94    -613.06    -500.00
     -9999     -9999    316.800     15.708    -31.300    -71.565      0.000   -116.802
    3.1900         0    1270.01    -555.47    -337.91    1853.04    -614.84    -500.00
     -9999     -9999     14.400     15.728    -31.304    -71.565      0.000   -116.886
    3.2000         0    1273.71    -557.73    -339.13    1852.13    -616.63    -500.00
     -9999     -9999     72.000     15.748    -31.308    -71.565      0.000   -116.970
    3.2100         0    1277.41    -559.98    -340.35    1851.22    -618.41    -500.00
     -9999     -9999    129.600     15.768    -31.310    -71.565      0.000   -117.055
    3.2200         0    1281.11    -562.23    -341.57    1850.31    -620.19    -500.00
     -9999     -9999    187.200     15.788    -31.313    -71.565      0.000   -117.139
    3.2300         0    1284.81    -564.48    -342.80    1849.40    -621.97    -500.00
     -9999     -9999    244.800     15.808    -31.315    -71.565      0.000   -117.223
    3.2400         0    1288.51    -566.73    -344.03    1848.48    -623.74    -500.00
     -9999     -9999    302.400     15.828    -31.317    -71.565      0.000   -117.307
    3.2500         0    1292.21    -568.98    -345.25    1847.56    -625.52    -500.00
     -9999     -9999    360.000     15.848    -31.318    -71.565      0.000   -117.392
    3.2600         0    1295.91    -571.23    -346.48    1846.64    -627.30    -500.00
     -9999     -9999     57.600     15.868    -31.319    -71.565      0.000   -117.476
    3.2700         0    1299.60    -573.48    -347.71    1845.72    -629.07    -500.00
     -9999     -9999    115.200     15.888    -31.319    -71.565      0.000   -117.560
    3.2800         0    1303.30    -575.73    -348.95    1844.79    -630.84    -500.00
     -9999     -9999    172.800     15.909    -31.319    -71.565      0.000   -117.644
    3.2900         0    1307.00    -577.98    -350.18    1843.86    -632.61    -500.00
     -9999     -9999    230.400     15.929    -31.319    -71.565      0.000   -117.729
    3.3000         0    1310.70    -580.23    -351.42    1842.93    -634.38    -500.00
     -9999     -9999    288.000     15.950    -31.318    -71.565      0.000   -117.813
    3.3100         0    1314.39    -582.47    -352.65    1841.99    -636.15    -500.00
     -9999     -9999    345.600     15.970    -31.317    -71.565      0.000   -117.897
    3.3200         0    1318.09    -584.72    -353.89    1841.06    -637.92    -500.00
     -9999     -9999     43.200     15.991    -31.315    -71.565      0.000   -117.982
    3.3300         0    1321.78    -586.97    -355.13    1840.12    -639.68    -500.00
     -9999     -9999    100.800     16.012    -31.313    -71.565      0.000   -118.066
    3.3400         0    1325.48    -589.22    -356.38    1839.18    -641.45    -500.00
     -9999     -9999    158.400     16.033    -31.310    -71.565      0.000   -118.150
    3.3500         0    1329.17    -591.47    -357.62    1838.23    -643.21    -500.00
     -9999     -9999    216.000     16.053    -31.307    -71.565      0.000   -118.234
    3.3600         0    1332.87    -593.71    -358.86    1837.28    -644.97    -500.00
     -9999     -9999    273.600     16.074    -31.304    -71.565      0.000   -118.319
    3.3700         0    1336.56    -595.96    -360.11    1836.33    -646.73    -500.00
     -9999     -9999    331.200     16.095    -31.300    -71.565      0.000   -118.403
    3.3800         0    1340.26    -598.21    -361.36    1835.38    -648.49    -500.00
     -9999     -9999     28.800     16.117    -31.296    -71.565      0.000   -118.487
    3.3900         0    1343.95    -600.45    -362.61    1834.43    -650.25    -500.00
     -9999     -9999     86.400     16.138    -31.291    -71.565      0.000   -118.572
    3.4000         0    1347.64    -602.70    -363.86    1833.47    -652.00    -500.00
     -9999     -9999    144.000     16.159    -31.286    -71.565      0.000   -118.656
    3.4100         0    1351.34    -604.94    -365.11    1832.51    -653.76    -500.00
     -9999     -9999    201.600     16.180    -31.281    -71.565      0.000   -118.740
    3.4200         0    1355.03    -607.18    -366.37    1831.54    -655.51    -500.00
     -9999     -9999    259.200     16.202    -31.275    -71.565      0.000   -118.824
    3.4300         0    1358.72    -609.43    -367.63    1830.58    -657.26    -500.00
     -9999     -9999    316.800     16.223    -31.269    -71.565      0.000   -118.909
    3.4400         0    1362.42    -611.67    -368.88    1829.61    -659.01    -500.00
     -9999     -9999     14.400     16.245    -31.262    -71.565      0.000   -118.993
    3.4500         0    1366.11    -613.91    -370.14    1828.64    -660.76    -500.00
     -9999     -9999     72.000     16.267    -31.255    -71.565      0.000   -119.077
    3.4600         0    1369.80    -616.15    -371.40    1827.67    -662.51    -500.00
     -9999     -9999    129.600     16.288    -31.247    -71.565      0.000   -119.162
    3.4700         0    1373.50    -618.39    -372.67    1826.69    -664.25    -500.00
     -9999     -9999    187.200     16.310    -31.239    -71.565      0.000   -119.246
    3.4800         0    1377.19    -620.63    -373.93    1825.71    -666.00    -500.00
     -9999     -9999    244.800     16.332    -31.231    -71.565      0.000   -119.330
    3.4900         0    1380.88    -622.87    -375.20    1824.73    -667.74    -500.00
     -9999     -9999    302.400     16.354    -31.222    -71.565      0.000   -119.414
    3.5000         0    1384.57    -625.11    -376.47    1823.75    -669.48    -500.00
     -9999     -9999    360.000     16.376    -31.213    -71.565      0.000   -119.499
    3.5100         0    1388.27    -627.35    -377.74    1822.76    -671.22    -500.00
     -9999     -9999     57.600     16.398    -31.203    -71.565      0.000   -119.583
    3.5200         0    1391.96    -629.58    -379.01    1821.77    -672.96    -500.00
     -9999     -9999    115.200     16.420    -31.193    -71.565      0.000   -119.667
    3.5300         0    1395.65    -631.82    -380.28    1820.78    -674.70    -500.00
     -9999     -9999    172.800     16.443    -31.182    -71.565      0.000   -119.752
    3.5400         0    1399.34    -634.05    -381.55    1819.79    -676.43    -500.00
     -9999     -9999    230.400     16.465    -31.171    -71.565      0.000   -119.836
    3.5500         0    1403.04    -636.28    -382.83    1818.79    -678.17    -500.00
     -9999     -9999    288.000     16.487    -31.160    -71.565      0.000   -119.920
    3.5600         0    1406.73    -638.52    -384.11    1817.79    -679.90    -500.00
     -9999     -9999    345.600     16.510    -31.148    -71.565      0.000   -120.004
    3.5700         0    1410.42    -640.75    -385.39    1816.79    -681.63    -500.00
     -9999     -9999     43.200     16.533    -31.136    -71.565      0.000   -120.089
    3.5800         0    1414.11    -642.98    -386.67    1815.79    -683.36    -500.00
     -9999     -9999    100.800     16.555    -31.123    -71.565      0.000   -120.173
    3.5900         0    1417.81    -645.21    -387.95    1814.78    -685.09    -500.00
     -9999     -9999    158.400     16.578    -31.110    -71.565      0.000   -120.257
    3.6000         0    1421.50    -647.43    -389.24    1813.77    -686.82    -500.00
     -9999     -9999    216.000     16.601    -31.096    -71.565      0.000   -120.342
    3.6100         0    1425.19    -649.66    -390.52    1812.76    -688.54    -500.00
     -9999     -9999    273.600     16.624    -31.082    -71.565      0.000   -120.426
    3.6200         0    1428.88    -651.89    -391.81    1811.75    -690.27    -500.00
     -9999     -9999    331.200     16.647    -31.068    -71.565      0.000   -120.510
    3.6300         0    1432.58    -654.11    -393.10    1810.73    -691.99    -500.00
     -9999     -9999     28.800     16.670    -31.053    -71.565      0.000   -120.594
    3.6400         0    1436.27    -656.33    -394.39    1809.71    -693.71    -500.00
     -9999     -9999     86.400     16.693    -31.038    -71.565      0.000   -120.679
    3.6500         0    1439.96    -658.56    -395.69    1808.69    -695.43    -500.00
     -9999     -9999    144.000     16.716    -31.022    -71.565      0.000   -120.763
    3.6600         0    1443.66    -660.78    -396.98    1807.67    -697.15    -500.00
     -9999     -9999    201.600     16.739    -31.006    -71.565      0.000   -120.847
    3.6700         0    1447.35    -662.99    -398.28    1806.64    -698.86    -500.00
     -9999     -9999    259.200     16.763    -30.989    -71.565      0.000   -120.931
    3.6800         0    1451.04    -665.21    -399.58    1805.61    -700.58    -500.00
     -9999     -9999    316.800     16.786    -30.972    -71.565      0.000   -121.016
    3.6900         0    1454.74    -667.43    -400.88    1804.58    -702.29    -500.00
     -9999     -9999     14.400     16.810    -30.955    -71.565      0.000   -121.100
    3.7000         0    1458.43    -669.64    -402.18    1803.54    -704.00    -500.00
     -9999     -9999     72.000     16.833    -30.937    -71.565      0.000   -121.184
    3.7100         0    1462.13    -671.86    -403.49    1802.51    -705.71    -500.00
     -9999     -9999    129.600     16.857    -30.918    -71.565      0.000   -121.269
    3.7200         0    1465.82    -674.07    -404.79    1801.47    -707.42    -500.00
     -9999     -9999    187.200     16.881    -30.899    -71.565      0.000   -121.353
    3.7300         0    1469.52    -676.28    -406.10    1800.42    -709.13    -500.00
     -9999     -9999    244.800     16.905    -30.880    -71.565      0.000   -121.437
    3.7400         0    1473.21    -678.49    -407.41    1799.38    -710.83    -500.00
     -9999     -9999    302.400     16.929    -30.860    -71.565      0.000   -121.521
    3.7500         0    1476.91    -680.70    -408.72    1798.33    -712.54    -500.00
     -9999     -9999    360.000     16.953    -30.840    -71.565      0.000   -121.606
    3.7600         0    1480.60    -682.90    -410.03    1797.28    -714.24    -500.00
     -9999     -9999     57.600     16.977    -30.819    -71.565      0.000   -121.690
    3.7700         0    1484.30    -685.11    -411.35    1796.23    -715.94    -500.00
     -9999     -9999    115.200     17.001    -30.798    -71.565      0.000   -121.774
    3.7800         0    1488.00    -687.31    -412.66    1795.18    -717.64    -500.00
     -9999     -9999    172.800     17.025    -30.777    -71.565      0.000   -121.859
    3.7900         0    1491.69    -689.51    -413.98    1794.12    -719.34    -500.00
     -9999     -9999    230.400     17.049    -30.755    -71.565      0.000   -121.943
    3.8000         0    1495.39    -691.71    -415.30    1793.06    -721.04    -500.00
     -9999     -9999    288.000     17.074    -30.732    -71.565      0.000   -122.027
    3.8100         0    1499.09    -693.91    -416.62    1792.00    -722.73    -500.00
     -9999     -9999    345.600     17.098    -30.709    -71.565      0.000   -122.111
    3.8200         0    1502.79    -696.10    -417.95    1790.94    -724.42    -500.00
     -9999     -9999     43.200     17.123    -30.686    -71.565      0.000   -122.196
    3.8300         0    1506.49    -698.30    -419.27    1789.87    -726.12    -500.00
     -9999     -9999    100.800     17.148    -30.662    -71.565      0.000   -122.280
    3.8400         0    1510.19    -700.49    -420.60    1788.80    -727.81    -500.00
     -9999     -9999    158.400     17.172    -30.638    -71.565      0.000   -122.364
    3.8500         0    1513.89    -702.68    -421.93    1787.73    -729.49    -500.00
     -9999     -9999    216.000     17.197    -30.613    -71.565      0.000   -122.449
    3.8600         0    1517.59    -704.87    -423.26    1786.65    -731.18    -500.00
     -9999     -9999    273.600     17.222    -30.588    -71.565      0.000   -122.533
    3.8700         0    1521.29    -707.05    -424.60    1785.58    -732.87    -500.00
     -9999     -9999    331.200     17.247    -30.562    -71.565      0.000   -122.617
    3.8800         0    1524.99    -709.24    -425.93    1784.50    -734.55    -500.00
     -9999     -9999     28.800     17.272    -30.536    -71.565      0.000   -122.701
    3.8900         0    1528.69    -711.42    -427.27    1783.41    -736.23    -500.00
     -9999     -9999     86.400     17.297    -30.509    -71.565      0.000   -122.786
    3.9000         0    1532.39    -713.60    -428.61    1782.33    -737.91    -500.00
     -9999     -9999    144.000     17.322    -30.482    -71.565      0.000   -122.870
    3.9100         0    1536.09    -715.78    -429.95    1781.24    -739.59    -500.00
     -9999     -9999    201.600     17.348    -30.454    -71.565      0.000   -122.954
    3.9200         0    1539.79    -717.95    -431.29    1780.15    -741.27    -500.00
     -9999     -9999    259.200     17.373    -30.426    -71.565      0.000   -123.039
    3.9300         0    1543.50    -720.13    -432.64    1779.06    -742.95    -500.00
     -9999     -9999    316.800     17.399    -30.398    -71.565      0.000   -123.123
    3.9400         0    1547.20    -722.30    -433.98    1777.97    -744.62    -500.00
     -9999     -9999     14.400     17.424    -30.369    -71.565      0.000   -123.207
    3.9500         0    1550.91    -724.47    -435.33    1776.87    -746.29    -500.00
     -9999     -9999     72.000     17.450    -30.339    -71.565      0.000   -123.291
    3.9600         0    1554.61    -726.64    -436.68    1775.77    -747.96    -500.00
     -9999     -9999    129.600     17.476    -30.309    -71.565      0.000   -123.376
    3.9700         0    1558.32    -728.80    -438.03    1774.67    -749.63    -500.00
     -9999     -9999    187.200     17.501    -30.279    -71.565      0.000   -123.460
    3.9800         0    1562.03    -730.96    -439.39    1773.57    -751.30    -500.00
     -9999     -9999    244.800     17.527    -30.248    -71.565      0.000   -123.544
    3.9900         0    1565.73    -733.12    -440.74    1772.46    -752.97    -500.00
     -9999     -9999    302.400     17.553    -30.216    -71.565      0.000   -123.628
    4.0000         0    1569.44    -735.28    -442.10    1771.35    -754.63    -500.00
     -9999     -9999    360.000     17.579    -30.184    -71.565      0.000   -123.713
    4.0100         0    1573.15    -737.44    -443.46    1770.24    -756.29    -500.00
     -9999     -9999     57.600     17.605    -30.152    -71.565      0.000   -123.797
    4.0200         0    1576.86    -739.59    -444.82    1769.13    -757.95    -500.00
     -9999     -9999    115.200     17.632    -30.119    -71.565      0.000   -123.881
    4.0300         0    1580.57    -741.74    -446.19    1768.01    -759.61    -500.00
     -9999     -9999    172.800     17.658    -30.085    -71.565      0.000   -123.966
    4.0400         0    1584.28    -743.89    -447.55    1766.89    -761.27    -500.00
     -9999     -9999    230.400     17.684    -30.052    -71.565      0.000   -124.050
    4.0500         0    1587.99    -746.04    -448.92    1765.77    -762.93    -500.00
     -9999     -9999    288.000     17.711    -30.017    -71.565      0.000   -124.134
    4.0600         0    1591.70    -748.18    -450.29    1764.65    -764.58    -500.00
     -9999     -9999    345.600     17.737    -29.982    -71.565      0.000   -124.218
    4.0700         0    1595.41    -750.32    -451.66    1763.52    -766.24    -500.00
     -9999     -9999     43.200     17.764    -29.947    -71.565      0.000   -124.303
    4.0800         0    1599.13    -752.46    -453.04    1762.39    -767.89    -500.00
     -9999     -9999    100.800     17.791    -29.911    -71.565      0.000   -124.387
    4.0900         0    1602.84    -754.59    -454.41    1761.26    -769.54    -500.00
     -9999     -9999    158.400     17.817    -29.874    -71.565      0.000   -124.471
    4.1000         0    1606.56    -756.73    -455.79    1760.13    -771.19    -500.00
     -9999     -9999    216.000     17.844    -29.837    -71.565      0.000   -124.556
    4.1100         0    1610.27    -758.86    -457.17    1758.99    -772.83    -500.00
     -9999     -9999    273.600     17.871    -29.800    -71.565      0.000   -124.640
    4.1200         0    1613.99    -760.98    -458.55    1757.86    -774.48    -500.00
     -9999     -9999    331.200     17.898    -29.762    -71.565      0.000   -124.724
    4.1300         0    1617.71    -763.11    -459.94    1756.72    -776.12    -500.00
     -9999     -9999     28.800     17.925    -29.723    -71.565      0.000   -124.808
    4.1400         0    1621.43    -765.23    -461.32    1755.57    -777.76    -500.00
     -9999     -9999     86.400     17.953    -29.684    -71.565      0.000   -124.893
    4.1500         0    1625.15    -767.35    -462.71    1754.43    -779.40    -500.00
     -9999     -9999    144.000     17.980    -29.644    -71.565      0.000   -124.977
    4.1600         0    1628.87    -769.46    -464.10    1753.28    -781.04    -500.00
     -9999     -9999    201.600     18.007    -29.604    -71.565      0.000   -125.061
    4.1700         0    1632.59    -771.57    -465.49    1752.13    -782.67    -500.00
     -9999     -9999    259.200     18.035    -29.563    -71.565      0.000   -125.146
    4.1800         0    1636.31    -773.68    -466.89    1750.98    -784.31    -500.00
     -9999     -9999    316.800     18.062    -29.522    -71.565      0.000   -125.230
    4.1900         0    1640.04    -775.79    -468.28    1749.82    -785.94    -500.00
     -9999     -9999     14.400     18.090    -29.480    -71.565      0.000   -125.314
    4.2000         0    1643.76    -777.89    -469.68    1748.67    -787.57    -500.00
     -9999     -9999     72.000     18.118    -29.438    -71.565      0.000   -125.398
    4.2100         0    1647.48    -779.99    -471.08    1747.51    -789.20    -500.00
     -9999     -9999    129.600     18.145    -29.395    -71.565      0.000   -125.483
    4.2200         0    1651.21    -782.09    -472.49    1746.34    -790.83    -500.00
     -9999     -9999    187.200     18.173    -29.351    -71.565      0.000   -125.567
    4.2300         0    1654.94    -784.19    -473.89    1745.18    -792.46    -500.00
     -9999     -9999    244.800     18.201    -29.307    -71.565      0.000   -125.651
    4.2400         0    1658.67    -786.28    -475.30    1744.01    -794.08    -500.00
     -9999     -9999    302.400     18.229    -29.262    -71.565      0.000   -125.736
    4.2500         0    1662.40    -788.36    -476.71    1742.84    -795.70    -500.00
     -9999     -9999    360.000     18.257    -29.217    -71.565      0.000   -125.820
    4.2600         0    1666.13    -790.45    -478.12    1741.67    -797.32    -500.00
     -9999     -9999     57.600     18.286    -29.171    -71.565      0.000   -125.904
    4.2700         0    1669.86    -792.53    -479.53    1740.50    -798.94    -500.00
     -9999     -9999    115.200     18.314    -29.125    -71.565      0.000   -125.988
    4.2800         0    1673.59    -794.61    -480.94    1739.32    -800.56    -500.00
     -9999     -9999    172.800     18.342    -29.078    -71.565      0.000   -126.073
    4.2900         0    1677.32    -796.68    -482.36    1738.14    -802.18    -500.00
     -9999     -9999    230.400     18.371    -29.030    -71.565      0.000   -126.157
    4.3000         0    1681.06    -798.75    -483.78    1736.96    -803.79    -500.00
     -9999     -9999    288.000     18.399    -28.982    -71.565      0.000   -126.241
    4.3100         0    1684.79    -800.82    -485.20    1735.78    -805.40    -500.00
     -9999     -9999    345.600     18.428    -28.933    -71.565      0.000   -126.326
    4.3200         0    1688.53    -802.88    -486.63    1734.59    -807.01    -500.00
     -9999     -9999     43.200     18.457    -28.883    -71.565      0.000   -126.410
    4.3300         0    1692.27    -804.94    -488.05    1733.40    -808.62    -500.00
     -9999     -9999    100.800     18.486    -28.833    -71.565      0.000   -126.494
    4.3400         0    1696.01    -807.00    -489.48    1732.21    -810.23    -500.00
     -9999     -9999    158.400     18.515    -28.782    -71.565      0.000   -126.578
    4.3500         0    1699.75    -809.05    -490.91    1731.02    -811.83    -500.00
     -9999     -9999    216.000     18.544    -28.731    -71.565      0.000   -126.663
    4.3600         0    1703.49    -811.10    -492.34    1729.82    -813.44    -500.00
     -9999     -9999    273.600     18.573    -28.679    -71.565      0.000   -126.747
    4.3700         0    1707.23    -813.15    -493.78    1728.63    -815.04    -500.00
     -9999     -9999    331.200     18.602    -28.626    -71.565      0.000   -126.831
    4.3800         0    1710.98    -815.19    -495.21    1727.43    -816.64    -500.00
     -9999     -9999     28.800     18.631    -28.572    -71.565      0.000   -126.915
    4.3900         0    1714.72    -817.23    -496.65    1726.22    -818.24    -500.00
     -9999     -9999     86.400     18.661    -28.518    -71.565      0.000   -127.000
    4.4000         0    1718.47    -819.26    -498.09    1725.02    -819.83    -500.00
     -9999     -9999    144.000     18.690    -28.463    -71.565      0.000   -127.084
    4.4100         0    1722.22    -821.29    -499.54    1723.81    -821.43    -500.00
     -9999     -9999    201.600     18.720    -28.406    -71.565      0.000   -127.168
    4.4132         0    1723.42    -821.94    -500.00    1723.42    -821.94    -500.00
     -9999     -9999    220.032     18.730    -28.387    -71.565      0.000   -127.195
    4.4332        -1    1723.42    -821.94    -500.00    1723.42    -821.94    -500.00
     -9999     -9999    220.032     18.730    -28.387    -71.565      0.000   -127.195
