    0.0000         0       0.00      -0.00      -2.00    2000.00      -0.00    -500.00
     -9999     -9999      0.000     12.000    -10.000    -80.538      0.000    -90.000
    0.0100         0       4.33      -0.77      -2.94    2000.00      -2.00    -500.00
     -9999     -9999     57.600     12.007    -10.102    -80.538      0.000    -90.169
    0.0200         0       8.67      -1.54      -3.87    1999.99      -4.00    -500.00
     -9999     -9999    115.200     12.014    -10.204    -80.538      0.000    -90.337
    0.0300         0      13.00      -2.33      -4.81    1999.97      -6.00    -500.00
     -9999     -9999    172.800     12.021    -10.306    -80.538      0.000    -90.506
    0.0400         0      17.33      -3.12      -5.75    1999.95      -8.00    -500.00
     -9999     -9999    230.400     12.028    -10.407    -80.538      0.000    -90.674
    0.0500         0      21.66      -3.92      -6.68    1999.93     -10.00    -500.00
     -9999     -9999    288.000     12.035    -10.509    -80.538      0.000    -90.843
    0.0600         0      25.98      -4.72      -7.62    1999.89     -12.00    -500.00
     -9999     -9999    345.600     12.042    -10.611    -80.538      0.000    -91.011
    0.0700         0      30.31      -5.54      -8.56    1999.86     -14.00    -500.00
     -9999     -9999     43.200     12.050    -10.713    -80.538      0.000    -91.180
    0.0800         0      34.63      -6.36      -9.50    1999.81     -16.00    -500.00
     -9999     -9999    100.800     12.057    -10.815    -80.538      0.000    -91.349
    0.0900         0      38.95      -7.19     -10.44    1999.76     -18.00    -500.00
     -9999     -9999    158.400     12.065    -10.917    -80.538      0.000    -91.517
    0.1000         0      43.27      -8.03     -11.38    1999.71     -20.00    -500.00
     -9999     -9999    216.000     12.072    -11.019    -80.538      0.000    -91.686
    0.1100         0      47.59      -8.87     -12.32    1999.64     -22.00    -500.00
     -9999     -9999    273.600     12.080    -11.121    -80.538      0.000    -91.854
    0.1200         0      51.91      -9.72     -13.27    1999.58     -24.00    -500.00
     -9999     -9999    331.200     12.087    -11.222    -80.538      0.000    -92.023
    0.1300         0      56.22     -10.58     -14.21    1999.50     -25.99    -500.00
     -9999     -9999     28.800     12.095    -11.324    -80.538      0.000    -92.191
    0.1400         0      60.54     -11.45     -15.15    1999.42     -27.99    -500.00
     -9999     -9999     86.400     12.103    -11.426    -80.538      0.000    -92.360
    0.1500         0      64.85     -12.33     -16.10    1999.34     -29.99    -500.00
     -9999     -9999    144.000     12.111    -11.528    -80.538      0.000    -92.528
    0.1600         0      69.16     -13.21     -17.04    1999.25     -31.99    -500.00
     -9999     -9999    201.600     12.119    -11.630    -80.538      0.000    -92.697
    0.1700         0      73.47     -14.10     -17.99    1999.15     -33.99    -500.00
     -9999     -9999    259.200     12.127    -11.732    -80.538      0.000    -92.866
    0.1800         0      77.77     -15.00     -18.93    1999.05     -35.98    -500.00
     -9999     -9999    316.800     12.135    -11.833    -80.538      0.000    -93.034
    0.1900         0      82.08     -15.91     -19.88    1998.94     -37.98    -500.00
     -9999     -9999     14.400     12.143    -11.935    -80.538      0.000    -93.203
    0.2000         0      86.38     -16.82     -20.82    1998.82     -39.98    -500.00
     -9999     -9999     72.000     12.152    -12.037    -80.538      0.000    -93.371
    0.2100         0      90.68     -17.74     -21.77    1998.70     -41.97    -500.00
     -9999     -9999    129.600     12.160    -12.139    -80.538      0.000    -93.540
    0.2200         0      94.98     -18.67     -22.72    1998.58     -43.97    -500.00
     -9999     -9999    187.200     12.168    -12.241    -80.538      0.000    -93.708
    0.2300         0      99.28     -19.61     -23.67    1998.44     -45.96    -500.00
     -9999     -9999    244.800     12.177    -12.343    -80.538      0.000    -93.877
    0.2400         0     103.58     -20.55     -24.62    1998.31     -47.96    -500.00
     -9999     -9999    302.400     12.185    -12.444    -80.538      0.000    -94.046
    0.2500         0     107.87     -21.50     -25.57    1998.16     -49.95    -500.00
     -9999     -9999      0.000     12.194    -12.546    -80.538      0.000    -94.214
    0.2600         0     112.16     -22.46     -26.52    1998.01     -51.95    -500.00
     -9999     -9999     57.600     12.203    -12.648    -80.538      0.000    -94.383
    0.2700         0     116.46     -23.43     -27.47    1997.86     -53.94    -500.00
     -9999     -9999    115.200     12.212    -12.750    -80.538      0.000    -94.551
    0.2800         0     120.74     -24.40     -28.42    1997.69     -55.94    -500.00
     -9999     -9999    172.800     12.221    -12.852    -80.538      0.000    -94.720
    0.2900         0     125.03     -25.38     -29.38    1997.53     -57.93    -500.00
     -9999     -9999    230.400     12.230    -12.953    -80.538      0.000    -94.888
    0.3000         0     129.32     -26.37     -30.33    1997.35     -59.92    -500.00
     -9999     -9999    288.000     12.239    -13.055    -80.538      0.000    -95.057
    0.3100         0     133.60     -27.37     -31.28    1997.17     -61.91    -500.00
     -9999     -9999    345.600     12.248    -13.157    -80.538      0.000    -95.225
    0.3200         0     137.88     -28.38     -32.24    1996.99     -63.91    -500.00
     -9999     -9999     43.200     12.257    -13.259    -80.538      0.000    -95.394
    0.3300         0     142.16     -29.39     -33.20    1996.80     -65.90    -500.00
     -9999     -9999    100.800     12.266    -13.360    -80.538      0.000    -95.563
    0.3400         0     146.44     -30.41     -34.15    1996.60     -67.89    -500.00
     -9999     -9999    158.400     12.276    -13.462    -80.538      0.000    -95.731
    0.3500         0     150.71     -31.44     -35.11    1996.40     -69.88    -500.00
     -9999     -9999    216.000     12.285    -13.564    -80.538      0.000    -95.900
    0.3600         0     154.99     -32.47     -36.07    1996.19     -71.87    -500.00
     -9999     -9999    273.600     12.295    -13.666    -80.538      0.000    -96.068
    0.3700         0     159.26     -33.51     -37.03    1995.98     -73.85    -500.00
     -9999     -9999    331.200     12.305    -13.768    -80.538      0.000    -96.237
    0.3800         0     163.53     -34.56     -37.98    1995.76     -75.84    -500.00
     -9999     -9999     28.800     12.315    -13.869    -80.538      0.000    -96.405
    0.3900         0     167.79     -35.62     -38.94    1995.53     -77.83    -500.00
     -9999     -9999     86.400     12.324    -13.971    -80.538      0.000    -96.574
    0.4000         0     172.06     -36.69     -39.91    1995.30     -79.82    -500.00
     -9999     -9999    144.000     12.334    -14.073    -80.538      0.000    -96.743
    0.4100         0     176.32     -37.76     -40.87    1995.06     -81.80    -500.00
     -9999     -9999    201.600     12.344    -14.174    -80.538      0.000    -96.911
    0.4200         0     180.58     -38.84     -41.83    1994.82     -83.79    -500.00
     -9999     -9999    259.200     12.355    -14.276    -80.538      0.000    -97.080
    0.4300         0     184.84     -39.93     -42.79    1994.57     -85.77    -500.00
     -9999     -9999    316.800     12.365    -14.378    -80.538      0.000    -97.248
    0.4400         0     189.10     -41.02     -43.76    1994.31     -87.75    -500.00
     -9999     -9999     14.400     12.375    -14.480    -80.538      0.000    -97.417
    0.4500         0     193.35     -42.13     -44.72    1994.05     -89.74    -500.00
     -9999     -9999     72.000     12.386    -14.581    -80.538      0.000    -97.585
    0.4600         0     197.61     -43.24     -45.69    1993.78     -91.72    -500.00
     -9999     -9999    129.600     12.396    -14.683    -80.538      0.000    -97.754
    0.4700         0     201.86     -44.35     -46.65    1993.51     -93.70    -500.00
     -9999     -9999    187.200     12.407    -14.785    -80.538      0.000    -97.923
    0.4800         0     206.10     -45.48     -47.62    1993.23     -95.68    -500.00
     -9999     -9999    244.800     12.418    -14.886    -80.538      0.000    -98.091
    0.4900         0     210.35     -46.61     -48.59    1992.95     -97.66    -500.00
     -9999     -9999    302.400     12.428    -14.988    -80.538      0.000    -98.260
    0.5000         0     214.59     -47.75     -49.56    1992.66     -99.64    -500.00
     -9999     -9999      0.000     12.439    -15.090    -80.538      0.000    -98.428
    0.5100         0     218.84     -48.90     -50.53    1992.36    -101.62    -500.00
     -9999     -9999     57.600     12.450    -15.191    -80.538      0.000    -98.597
    0.5200         0     223.08     -50.05     -51.50    1992.06    -103.59    -500.00
     -9999     -9999    115.200     12.462    -15.293    -80.538      0.000    -98.765
    0.5300         0     227.31     -51.22     -52.47    1991.75    -105.57    -500.00
     -9999     -9999    172.800     12.473    -15.395    -80.538      0.000    -98.934
    0.5400         0     231.55     -52.39     -53.44    1991.44    -107.55    -500.00
     -9999     -9999    230.400     12.484    -15.496    -80.538      0.000    -99.102
    0.5500         0     235.78     -53.56     -54.42    1991.12    -109.52    -500.00
     -9999     -9999    288.000     12.496    -15.598    -80.538      0.000    -99.271
    0.5600         0     240.01     -54.75     -55.39    1990.79    -111.49    -500.00
     -9999     -9999    345.600     12.507    -15.700    -80.538      0.000    -99.440
    0.5700         0     244.24     -55.94     -56.36    1990.46    -113.47    -500.00
     -9999     -9999     43.200     12.519    -15.801    -80.538      0.000    -99.608
    0.5800         0     248.47     -57.14     -57.34    1990.13    -115.44    -500.00
     -9999     -9999    100.800     12.531    -15.903    -80.538      0.000    -99.777
    0.5900         0     252.69     -58.35     -58.32    1989.78    -117.41    -500.00
     -9999     -9999    158.400     12.543    -16.004    -80.538      0.000    -99.945
    0.6000         0     256.91     -59.56     -59.29    1989.44    -119.38    -500.00
     -9999     -9999    216.000     12.555    -16.106    -80.538      0.000   -100.114
    0.6100         0     261.13     -60.79     -60.27    1989.08    -121.35    -500.00
     -9999     -9999    273.600     12.567    -16.208    -80.538      0.000   -100.282
    0.6200         0     265.35     -62.02     -61.25    1988.72    -123.31    -500.00
     -9999     -9999    331.200     12.579    -16.309    -80.538      0.000   -100.451
    0.6300         0     269.56     -63.25     -62.23    1988.36    -125.28    -500.00
     -9999     -9999     28.800     12.591    -16.411    -80.538      0.000   -100.620
    0.6400         0     273.77     -64.50     -63.22    1987.99    -127.25    -500.00
     -9999     -9999     86.400     12.604    -16.512    -80.538      0.000   -100.788
    0.6500         0     277.98     -65.75     -64.20    1987.61    -129.21    -500.00
     -9999     -9999    144.000     12.616    -16.614    -80.538      0.000   -100.957
    0.6600         0     282.19     -67.01     -65.18    1987.22    -131.17    -500.00
     -9999     -9999    201.600     12.629    -16.715    -80.538      0.000   -101.125
    0.6700         0     286.39     -68.28     -66.17    1986.84    -133.13    -500.00
     -9999     -9999    259.200     12.642    -16.817    -80.538      0.000   -101.294
    0.6800         0     290.59     -69.55     -67.15    1986.44    -135.09    -500.00
     -9999     -9999    316.800     12.655    -16.918    -80.538      0.000   -101.462
    0.6900         0     294.79     -70.83     -68.14    1986.04    -137.05    -500.00
     -9999     -9999     14.400     12.668    -17.020    -80.538      0.000   -101.631
    0.7000         0     298.99     -72.12     -69.12    1985.64    -139.01    -500.00
     -9999     -9999     72.000     12.681    -17.121    -80.538      0.000   -101.799
    0.7100         0     303.18     -73.42     -70.11    1985.22    -140.97    -500.00
     -9999     -9999    129.600     12.695    -17.223    -80.538      0.000   -101.968
    0.7200         0     307.38     -74.72     -71.10    1984.81    -142.93    -500.00
     -9999     -9999    187.200     12.708    -17.324    -80.538      0.000   -102.137
    0.7300         0     311.57     -76.03     -72.09    1984.38    -144.88    -500.00
     -9999     -9999    244.800     12.722    -17.426    -80.538      0.000   -102.305
    0.7400         0     315.75     -77.35     -73.08    1983.95    -146.83    -500.00
     -9999     -9999    302.400     12.736    -17.527    -80.538      0.000   -102.474
    0.7500         0     319.94     -78.67     -74.08    1983.52    -148.79    -500.00
     -9999     -9999      0.000     12.749    -17.629    -80.538      0.000   -102.642
    0.7600         0     324.12     -80.01     -75.07    1983.08    -150.74    -500.00
     -9999     -9999     57.600     12.763    -17.730    -80.538      0.000   -102.811
    0.7700         0     328.30     -81.35     -76.06    1982.63    -152.69    -500.00
     -9999     -9999    115.200     12.778    -17.831    -80.538      0.000   -102.979
    0.7800         0     332.47     -82.69     -77.06    1982.18    -154.63    -500.00
     -9999     -9999    172.800     12.792    -17.933    -80.538      0.000   -103.148
    0.7900         0     336.65     -84.05     -78.06    1981.72    -156.58    -500.00
     -9999     -9999    230.400     12.806    -18.034    -80.538      0.000   -103.317
    0.8000         0     340.82     -85.41     -79.06    1981.26    -158.53    -500.00
     -9999     -9999    288.000     12.821    -18.136    -80.538      0.000   -103.485
    0.8100         0     344.99     -86.78     -80.05    1980.79    -160.47    -500.00
     -9999     -9999    345.600     12.836    -18.237    -80.538      0.000   -103.654
    0.8200         0     349.15     -88.16     -81.06    1980.31    -162.41    -500.00
     -9999     -9999     43.200     12.850    -18.338    -80.538      0.000   -103.822
    0.8300         0     353.32     -89.54     -82.06    1979.83    -164.36    -500.00
     -9999     -9999    100.800     12.865    -18.439    -80.538      0.000   -103.991
    0.8400         0     357.48     -90.93     -83.06    1979.35    -166.30    -500.00
     -9999     -9999    158.400     12.881    -18.541    -80.538      0.000   -104.159
    0.8500         0     361.63     -92.33     -84.06    1978.85    -168.23    -500.00
     -9999     -9999    216.000     12.896    -18.642    -80.538      0.000   -104.328
    0.8600         0     365.79     -93.74     -85.07    1978.36    -170.17    -500.00
     -9999     -9999    273.600     12.911    -18.743    -80.538      0.000   -104.496
    0.8700         0     369.94     -95.15     -86.07    1977.85    -172.11    -500.00
     -9999     -9999    331.200     12.927    -18.844    -80.538      0.000   -104.665
    0.8800         0     374.09     -96.57     -87.08    1977.34    -174.04    -500.00
     -9999     -9999     28.800     12.943    -18.946    -80.538      0.000   -104.834
    0.8900         0     378.24     -98.00     -88.09    1976.83    -175.97    -500.00
     -9999     -9999     86.400     12.959    -19.047    -80.538      0.000   -105.002
    0.9000         0     382.38     -99.43     -89.10    1976.31    -177.90    -500.00
     -9999     -9999    144.000     12.975    -19.148    -80.538      0.000   -105.171
    0.9100         0     386.52    -100.88     -90.11    1975.78    -179.83    -500.00
     -9999     -9999    201.600     12.991    -19.249    -80.538      0.000   -105.339
    0.9200         0     390.66    -102.32     -91.12    1975.25    -181.76    -500.00
     -9999     -9999    259.200     13.007    -19.350    -80.538      0.000   -105.508
    0.9300         0     394.80    -103.78     -92.14    1974.71    -183.69    -500.00
     -9999     -9999    316.800     13.024    -19.451    -80.538      0.000   -105.676
    0.9400         0     398.93    -105.24     -93.15    1974.17    -185.61    -500.00
     -9999     -9999     14.400     13.041    -19.552    -80.538      0.000   -105.845
    0.9500         0     403.06    -106.72     -94.17    1973.62    -187.54    -500.00
     -9999     -9999     72.000     13.058    -19.654    -80.538      0.000   -106.014
    0.9600         0     407.19    -108.19     -95.18    1973.07    -189.46    -500.00
     -9999     -9999    129.600     13.075    -19.754    -80.538      0.000   -106.182
    0.9700         0     411.31    -109.68     -96.20    1972.51    -191.38    -500.00
     -9999     -9999    187.200     13.092    -19.854    -80.538      0.000   -106.351
    0.9800         0     415.43    -111.17     -97.22    1971.94    -193.30    -500.00
     -9999     -9999    244.800     13.109    -19.954    -80.538      0.000   -106.519
    0.9900         0     419.55    -112.67     -98.24    1971.37    -195.21    -500.00
     -9999     -9999    302.400     13.127    -20.053    -80.538      0.000   -106.688
    1.0000         0     423.66    -114.18     -99.27    1970.79    -197.13    -500.00
     -9999     -9999      0.000     13.144    -20.151    -80.538      0.000   -106.856
    1.0100         0     427.78    -115.69    -100.29    1970.21    -199.04    -500.00
     -9999     -9999     57.600     13.161    -20.248    -80.538      0.000   -107.025
    1.0200         0     431.89    -117.21    -101.32    1969.62    -200.95    -500.00
     -9999     -9999    115.200     13.179    -20.345    -80.538      0.000   -107.194
    1.0300         0     435.99    -118.74    -102.34    1969.03    -202.86    -500.00
     -9999     -9999    172.800     13.196    -20.441    -80.538      0.000   -107.362
    1.0400         0     440.10    -120.27    -103.37    1968.43    -204.77    -500.00
     -9999     -9999    230.400     13.214    -20.537    -80.538      0.000   -107.531
    1.0500         0     444.20    -121.81    -104.40    1967.82    -206.68    -500.00
     -9999     -9999    288.000     13.232    -20.632    -80.538      0.000   -107.699
    1.0600         0     448.30    -123.36    -105.43    1967.21    -208.58    -500.00
     -9999     -9999    345.600     13.250    -20.726    -80.538      0.000   -107.868
    1.0700         0     452.39    -124.91    -106.46    1966.59    -210.48    -500.00
     -9999     -9999     43.200     13.268    -20.820    -80.538      0.000   -108.036
    1.0800         0     456.48    -126.47    -107.50    1965.97    -212.38    -500.00
     -9999     -9999    100.800     13.286    -20.913    -80.538      0.000   -108.205
    1.0900         0     460.57    -128.04    -108.53    1965.34    -214.28    -500.00
     -9999     -9999    158.400     13.304    -21.005    -80.538      0.000   -108.373
    1.1000         0     464.66    -129.61    -109.57    1964.71    -216.18    -500.00
     -9999     -9999    216.000     13.322    -21.097    -80.538      0.000   -108.542
    1.1100         0     468.74    -131.19    -110.60    1964.07    -218.08    -500.00
     -9999     -9999    273.600     13.340    -21.188    -80.538      0.000   -108.711
    1.1200         0     472.83    -132.77    -111.64    1963.43    -219.97    -500.00
     -9999     -9999    331.200     13.358    -21.278    -80.538      0.000   -108.879
    1.1300         0     476.90    -134.37    -112.68    1962.78    -221.86    -500.00
     -9999     -9999     28.800     13.377    -21.368    -80.538      0.000   -109.048
    1.1400         0     480.98    -135.96    -113.73    1962.12    -223.75    -500.00
     -9999     -9999     86.400     13.395    -21.457    -80.538      0.000   -109.216
    1.1500         0     485.05    -137.57    -114.77    1961.46    -225.64    -500.00
     -9999     -9999    144.000     13.414    -21.545    -80.538      0.000   -109.385
    1.1600         0     489.12    -139.18    -115.81    1960.80    -227.52    -500.00
     -9999     -9999    201.600     13.433    -21.633    -80.538      0.000   -109.553
    1.1700         0     493.19    -140.80    -116.86    1960.12    -229.41    -500.00
     -9999     -9999    259.200     13.451    -21.720    -80.538      0.000   -109.722
    1.1800         0     497.25    -142.42    -117.91    1959.45    -231.29    -500.00
     -9999     -9999    316.800     13.470    -21.807    -80.538      0.000   -109.891
    1.1900         0     501.32    -144.05    -118.96    1958.76    -233.17    -500.00
     -9999     -9999     14.400     13.489    -21.893    -80.538      0.000   -110.059
    1.2000         0     505.37    -145.68    -120.01    1958.07    -235.05    -500.00
     -9999     -9999     72.000     13.508    -21.978    -80.538      0.000   -110.228
    1.2100         0     509.43    -147.32    -121.06    1957.38    -236.92    -500.00
     -9999     -9999    129.600     13.527    -22.062    -80.538      0.000   -110.396
    1.2200         0     513.48    -148.97    -122.11    1956.68    -238.79    -500.00
     -9999     -9999    187.200     13.546    -22.146    -80.538      0.000   -110.565
    1.2300         0     517.53    -150.62    -123.17    1955.97    -240.67    -500.00
     -9999     -9999    244.800     13.566    -22.230    -80.538      0.000   -110.733
    1.2400         0     521.58    -152.28    -124.22    1955.26    -242.54    -500.00
     -9999     -9999    302.400     13.585    -22.312    -80.538      0.000   -110.902
    1.2500         0     525.63    -153.94    -125.28    1954.55    -244.40    -500.00
     -9999     -9999    360.000     13.605    -22.394    -80.538      0.000   -111.070
    1.2600         0     529.67    -155.61    -126.34    1953.83    -246.27    -500.00
     -9999     -9999     57.600     13.624    -22.475    -80.538      0.000   -111.239
    1.2700         0     533.71    -157.29    -127.40    1953.10    -248.13    -500.00
     -9999     -9999    115.200     13.644    -22.556    -80.538      0.000   -111.408
    1.2800         0     537.75    -158.97    -128.46    1952.37    -249.99    -500.00
     -9999     -9999    172.800     13.664    -22.636    -80.538      0.000   -111.576
    1.2900         0     541.78    -160.65    -129.53    1951.63    -251.85    -500.00
     -9999     -9999    230.400     13.684    -22.715    -80.538      0.000   -111.745
    1.3000         0     545.81    -162.34    -130.59    1950.88    -253.71    -500.00
     -9999     -9999    288.000     13.704    -22.794    -80.538      0.000   -111.913
    1.3100         0     549.84    -164.04    -131.66    1950.13    -255.56    -500.00
     -9999     -9999    345.600     13.724    -22.872    -80.538      0.000   -112.082
    1.3200         0     553.87    -165.74    -132.73    1949.38    -257.41    -500.00
     -9999     -9999     43.200     13.744    -22.949    -80.538      0.000   -112.250
    1.3300         0     557.89    -167.45    -133.80    1948.62    -259.26    -500.00
     -9999     -9999    100.800     13.764    -23.026    -80.538      0.000   -112.419
    1.3400         0     561.91    -169.16    -134.87    1947.85    -261.11    -500.00
     -9999     -9999    158.400     13.784    -23.102    -80.538      0.000   -112.588
    1.3500         0     565.93    -170.88    -135.94    1947.08    -262.96    -500.00
     -9999     -9999    216.000     13.805    -23.177    -80.538      0.000   -112.756
    1.3600         0     569.95    -172.60    -137.02    1946.31    -264.80    -500.00
     -9999     -9999    273.600     13.825    -23.252    -80.538      0.000   -112.925
    1.3700         0     573.96    -174.33    -138.09    1945.53    -266.64    -500.00
     -9999     -9999    331.200     13.846    -23.326    -80.538      0.000   -113.093
    1.3800         0     577.97    -176.06    -139.17    1944.74    -268.48    -500.00
     -9999     -9999     28.800     13.867    -23.399    -80.538      0.000   -113.262
    1.3900         0     581.98    -177.80    -140.25    1943.95    -270.32    -500.00
     -9999     -9999     86.400     13.888    -23.472    -80.538      0.000   -113.430
    1.4000         0     585.99    -179.54    -141.33    1943.15    -272.15    -500.00
     -9999     -9999    144.000     13.909    -23.544    -80.538      0.000   -113.599
    1.4100         0     589.99    -181.29    -142.41    1942.34    -273.98    -500.00
     -9999     -9999    201.600     13.930    -23.616    -80.538      0.000   -113.768
    1.4200         0     593.99    -183.04    -143.50    1941.54    -275.81    -500.00
     -9999     -9999    259.200     13.951    -23.686    -80.538      0.000   -113.936
    1.4300         0     597.99    -184.80    -144.58    1940.72    -277.64    -500.00
     -9999     -9999    316.800     13.972    -23.756    -80.538      0.000   -114.105
    1.4400         0     601.98    -186.56    -145.67    1939.90    -279.46    -500.00
     -9999     -9999     14.400     13.994    -23.826    -80.538      0.000   -114.273
    1.4500         0     605.98    -188.32    -146.76    1939.08    -281.28    -500.00
     -9999     -9999     72.000     14.015    -23.895    -80.538      0.000   -114.442
    1.4600         0     609.97    -190.09    -147.85    1938.25    -283.10    -500.00
     -9999     -9999    129.600     14.037    -23.963    -80.538      0.000   -114.610
    1.4700         0     613.96    -191.87    -148.94    1937.41    -284.92    -500.00
     -9999     -9999    187.200     14.058    -24.030    -80.538      0.000   -114.779
    1.4800         0     617.94    -193.65    -150.04    1936.57    -286.74    -500.00
     -9999     -9999    244.800     14.080    -24.097    -80.538      0.000   -114.947
    1.4900         0     621.93    -195.43    -151.13    1935.72    -288.55    -500.00
     -9999     -9999    302.400     14.102    -24.163    -80.538      0.000   -115.116
    1.5000         0     625.91    -197.22    -152.23    1934.87    -290.36    -500.00
     -9999     -9999    360.000     14.124    -24.228    -80.538      0.000   -115.285
    1.5100         0     629.88    -199.02    -153.33    1934.02    -292.16    -500.00
     -9999     -9999     57.600     14.146    -24.293    -80.538      0.000   -115.453
    1.5200         0     633.86    -200.81    -154.43    1933.15    -293.97    -500.00
     -9999     -9999    115.200     14.169    -24.357    -80.538      0.000   -115.622
    1.5300         0     637.83    -202.61    -155.53    1932.29    -295.77    -500.00
     -9999     -9999    172.800     14.191    -24.420    -80.538      0.000   -115.790
    1.5400         0     641.81    -204.42    -156.63    1931.41    -297.57    -500.00
     -9999     -9999    230.400     14.214    -24.483    -80.538      0.000   -115.959
    1.5500         0     645.77    -206.23    -157.74    1930.53    -299.37    -500.00
     -9999     -9999    288.000     14.236    -24.545    -80.538      0.000   -116.127
    1.5600         0     649.74    -208.04    -158.85    1929.65    -301.16    -500.00
     -9999     -9999    345.600     14.259    -24.607    -80.538      0.000   -116.296
    1.5700         0     653.70    -209.86    -159.96    1928.76    -302.95    -500.00
     -9999     -9999     43.200     14.282    -24.667    -80.538      0.000   -116.465
    1.5800         0     657.67    -211.68    -161.07    1927.87    -304.74    -500.00
     -9999     -9999    100.800     14.305    -24.727    -80.538      0.000   -116.633
    1.5900         0     661.63    -213.51    -162.18    1926.97    -306.53    -500.00
     -9999     -9999    158.400     14.328    -24.787    -80.538      0.000   -116.802
    1.6000         0     665.58    -215.34    -163.29    1926.07    -308.31    -500.00
     -9999     -9999    216.000     14.351    -24.845    -80.538      0.000   -116.970
    1.6100         0     669.54    -217.17    -164.41    1925.16    -310.09    -500.00
     -9999     -9999    273.600     14.374    -24.903    -80.538      0.000   -117.139
    1.6200         0     673.49    -219.01    -165.53    1924.24    -311.87    -500.00
     -9999     -9999    331.200     14.398    -24.960    -80.538      0.000   -117.307
    1.6300         0     677.44    -220.85    -166.65    1923.32    -313.65    -500.00
     -9999     -9999     28.800     14.421    -25.017    -80.538      0.000   -117.476
    1.6400         0     681.39    -222.70    -167.77    1922.40    -315.42    -500.00
     -9999     -9999     86.400     14.445    -25.073    -80.538      0.000   -117.644
    1.6500         0     685.34    -224.55    -168.89    1921.46    -317.19    -500.00
     -9999     -9999    144.000     14.469    -25.128    -80.538      0.000   -117.813
    1.6600         0     689.28    -226.40    -170.02    1920.53    -318.96    -500.00
     -9999     -9999    201.600     14.493    -25.183    -80.538      0.000   -117.982
    1.6700         0     693.22    -228.25    -171.15    1919.59    -320.72    -500.00
     -9999     -9999    259.200     14.517    -25.236    -80.538      0.000   -118.150
    1.6800         0     697.16    -230.11    -172.28    1918.64    -322.49    -500.00
     -9999     -9999    316.800     14.541    -25.290    -80.538      0.000   -118.319
    1.6900         0     701.10    -231.97    -173.41    1917.69    -324.25    -500.00
     -9999     -9999     14.400     14.565    -25.342    -80.538      0.000   -118.487
    1.7000         0     705.03    -233.84    -174.54    1916.73    -326.00    -500.00
     -9999     -9999     72.000     14.589    -25.394    -80.538      0.000   -118.656
    1.7100         0     708.97    -235.71    -175.67    1915.77    -327.76    -500.00
     -9999     -9999    129.600     14.614    -25.445    -80.538      0.000   -118.824
    1.7200         0     712.90    -237.58    -176.81    1914.81    -329.51    -500.00
     -9999     -9999    187.200     14.638    -25.495    -80.538      0.000   -118.993
    1.7300         0     716.83    -239.46    -177.95    1913.83    -331.25    -500.00
     -9999     -9999    244.800     14.663    -25.545    -80.538      0.000   -119.162
    1.7400         0     720.75    -241.34    -179.09    1912.86    -333.00    -500.00
     -9999     -9999    302.400     14.688    -25.594    -80.538      0.000   -119.330
    1.7500         0     724.68    -243.22    -180.23    1911.87    -334.74    -500.00
     -9999     -9999    360.000     14.713    -25.642    -80.538      0.000   -119.499
    1.7600         0     728.60    -245.10    -181.37    1910.89    -336.48    -500.00
     -9999     -9999     57.600     14.738    -25.690    -80.538      0.000   -119.667
    1.7700         0     732.52    -246.99    -182.52    1909.89    -338.22    -500.00
     -9999     -9999    115.200     14.764    -25.737    -80.538      0.000   -119.836
    1.7800         0     736.44    -248.88    -183.67    1908.90    -339.95    -500.00
     -9999     -9999    172.800     14.789    -25.783    -80.538      0.000   -120.004
    1.7900         0     740.36    -250.78    -184.82    1907.89    -341.68    -500.00
     -9999     -9999    230.400     14.814    -25.828    -80.538      0.000   -120.173
    1.8000         0     744.27    -252.67    -185.97    1906.89    -343.41    -500.00
     -9999     -9999    288.000     14.840    -25.873    -80.538      0.000   -120.342
    1.8100         0     748.18    -254.57    -187.12    1905.87    -345.13    -500.00
     -9999     -9999    345.600     14.866    -25.917    -80.538      0.000   -120.510
    1.8200         0     752.10    -256.48    -188.28    1904.86    -346.85    -500.00
     -9999     -9999     43.200     14.892    -25.960    -80.538      0.000   -120.679
    1.8300         0     756.00    -258.38    -189.43    1903.83    -348.57    -500.00
     -9999     -9999    100.800     14.918    -26.003    -80.538      0.000   -120.847
    1.8400         0     759.91    -260.29    -190.59    1902.80    -350.29    -500.00
     -9999     -9999    158.400     14.944    -26.045    -80.538      0.000   -121.016
    1.8500         0     763.82    -262.20    -191.76    1901.77    -352.00    -500.00
     -9999     -9999    216.000     14.970    -26.086    -80.538      0.000   -121.184
    1.8600         0     767.72    -264.11    -192.92    1900.73    -353.71    -500.00
     -9999     -9999    273.600     14.997    -26.127    -80.538      0.000   -121.353
    1.8700         0     771.62    -266.03    -194.08    1899.69    -355.42    -500.00
     -9999     -9999    331.200     15.023    -26.166    -80.538      0.000   -121.521
    1.8800         0     775.52    -267.94    -195.25    1898.64    -357.12    -500.00
     -9999     -9999     28.800     15.050    -26.205    -80.538      0.000   -121.690
    1.8900         0     779.42    -269.86    -196.42    1897.59    -358.82    -500.00
     -9999     -9999     86.400     15.077    -26.244    -80.538      0.000   -121.859
    1.9000         0     783.32    -271.79    -197.59    1896.53    -360.52    -500.00
     -9999     -9999    144.000     15.104    -26.281    -80.538      0.000   -122.027
    1.9100         0     787.21    -273.71    -198.77    1895.47    -362.21    -500.00
     -9999     -9999    201.600     15.131    -26.318    -80.538      0.000   -122.196
    1.9200         0     791.10    -275.64    -199.94    1894.40    -363.90    -500.00
     -9999     -9999    259.200     15.158    -26.354    -80.538      0.000   -122.364
    1.9300         0     795.00    -277.57    -201.12    1893.33    -365.59    -500.00
     -9999     -9999    316.800     15.186    -26.390    -80.538      0.000   -122.533
    1.9400         0     798.88    -279.50    -202.30    1892.25    -367.28    -500.00
     -9999     -9999     14.400     15.213    -26.424    -80.538      0.000   -122.701
    1.9500         0     802.77    -281.43    -203.48    1891.17    -368.96    -500.00
     -9999     -9999     72.000     15.241    -26.458    -80.538      0.000   -122.870
    1.9600         0     806.66    -283.37    -204.67    1890.08    -370.63    -500.00
     -9999     -9999    129.600     15.268    -26.492    -80.538      0.000   -123.039
    1.9700         0     810.54    -285.31    -205.85    1888.98    -372.31    -500.00
     -9999     -9999    187.200     15.296    -26.524    -80.538      0.000   -123.207
    1.9800         0     814.43    -287.24    -207.04    1887.89    -373.98    -500.00
     -9999     -9999    244.800     15.324    -26.556    -80.538      0.000   -123.376
    1.9900         0     818.31    -289.19    -208.23    1886.78    -375.65    -500.00
     -9999     -9999    302.400     15.353    -26.587    -80.538      0.000   -123.544
    2.0000         0     822.19    -291.13    -209.42    1885.68    -377.32    -500.00
     -9999     -9999    360.000     15.381    -26.617    -80.538      0.000   -123.713
    2.0100         0     826.07    -293.07    -210.62    1884.56    -378.98    -500.00
     -9999     -9999     57.600     15.410    -26.647    -80.538      0.000   -123.881
    2.0200         0     829.94    -295.02    -211.81    1883.45    -380.64    -500.00
     -9999     -9999    115.200     15.438    -26.675    -80.538      0.000   -124.050
    2.0300         0     833.82    -296.97    -213.01    1882.32    -382.29    -500.00
     -9999     -9999    172.800     15.467    -26.703    -80.538      0.000   -124.218
    2.0400         0     837.69    -298.92    -214.21    1881.20    -383.94    -500.00
     -9999     -9999    230.400     15.496    -26.731    -80.538      0.000   -124.387
    2.0500         0     841.56    -300.87    -215.42    1880.07    -385.59    -500.00
     -9999     -9999    288.000     15.525    -26.757    -80.538      0.000   -124.556
    2.0600         0     845.43    -302.82    -216.62    1878.93    -387.24    -500.00
     -9999     -9999    345.600     15.554    -26.783    -80.538      0.000   -124.724
    2.0700         0     849.30    -304.78    -217.83    1877.79    -388.88    -500.00
     -9999     -9999     43.200     15.583    -26.808    -80.538      0.000   -124.893
    2.0800         0     853.17    -306.73    -219.04    1876.64    -390.52    -500.00
     -9999     -9999    100.800     15.613    -26.832    -80.538      0.000   -125.061
    2.0900         0     857.04    -308.69    -220.25    1875.49    -392.15    -500.00
     -9999     -9999    158.400     15.643    -26.856    -80.538      0.000   -125.230
    2.1000         0     860.90    -310.65    -221.47    1874.33    -393.79    -500.00
     -9999     -9999    216.000     15.672    -26.878    -80.538      0.000   -125.398
    2.1100         0     864.77    -312.61    -222.68    1873.17    -395.41    -500.00
     -9999     -9999    273.600     15.702    -26.900    -80.538      0.000   -125.567
    2.1200         0     868.63    -314.57    -223.90    1872.01    -397.04    -500.00
     -9999     -9999    331.200     15.732    -26.921    -80.538      0.000   -125.736
    2.1300         0     872.49    -316.53    -225.12    1870.84    -398.66    -500.00
     -9999     -9999     28.800     15.763    -26.942    -80.538      0.000   -125.904
    2.1400         0     876.35    -318.49    -226.35    1869.66    -400.28    -500.00
     -9999     -9999     86.400     15.793    -26.961    -80.538      0.000   -126.073
    2.1500         0     880.21    -320.46    -227.57    1868.48    -401.89    -500.00
     -9999     -9999    144.000     15.823    -26.980    -80.538      0.000   -126.241
    2.1600         0     884.07    -322.42    -228.80    1867.30    -403.51    -500.00
     -9999     -9999    201.600     15.854    -26.998    -80.538      0.000   -126.410
    2.1700         0     887.92    -324.39    -230.03    1866.11    -405.11    -500.00
     -9999     -9999    259.200     15.885    -27.016    -80.538      0.000   -126.578
    2.1800         0     891.78    -326.35    -231.27    1864.91    -406.72    -500.00
     -9999     -9999    316.800     15.916    -27.032    -80.538      0.000   -126.747
    2.1900         0     895.63    -328.32    -232.50    1863.71    -408.32    -500.00
     -9999     -9999     14.400     15.947    -27.048    -80.538      0.000   -126.915
    2.2000         0     899.49    -330.29    -233.74    1862.51    -409.92    -500.00
     -9999     -9999     72.000     15.978    -27.063    -80.538      0.000   -127.084
    2.2100         0     903.34    -332.26    -234.98    1861.30    -411.51    -500.00
     -9999     -9999    129.600     16.010    -27.077    -80.538      0.000   -127.253
    2.2200         0     907.19    -334.22    -236.22    1860.09    -413.10    -500.00
     -9999     -9999    187.200     16.041    -27.090    -80.538      0.000   -127.421
    2.2300         0     911.04    -336.19    -237.47    1858.87    -414.69    -500.00
     -9999     -9999    244.800     16.073    -27.103    -80.538      0.000   -127.590
    2.2400         0     914.89    -338.16    -238.71    1857.65    -416.27    -500.00
     -9999     -9999    302.400     16.105    -27.115    -80.538      0.000   -127.758
    2.2500         0     918.74    -340.14    -239.96    1856.42    -417.85    -500.00
     -9999     -9999    360.000     16.137    -27.126    -80.538      0.000   -127.927
    2.2600         0     922.58    -342.11    -241.21    1855.19    -419.43    -500.00
     -9999     -9999     57.600     16.169    -27.136    -80.538      0.000   -128.095
    2.2700         0     926.43    -344.08    -242.47    1853.95    -421.00    -500.00
     -9999     -9999    115.200     16.201    -27.145    -80.538      0.000   -128.264
    2.2800         0     930.27    -346.05    -243.72    1852.71    -422.57    -500.00
     -9999     -9999    172.800     16.234    -27.154    -80.538      0.000   -128.433
    2.2900         0     934.12    -348.02    -244.98    1851.47    -424.13    -500.00
     -9999     -9999    230.400     16.266    -27.161    -80.538      0.000   -128.601
    2.3000         0     937.96    -349.99    -246.25    1850.22    -425.69    -500.00
     -9999     -9999    288.000     16.299    -27.168    -80.538      0.000   -128.770
    2.3100         0     941.80    -351.97    -247.51    1848.96    -427.25    -500.00
     -9999     -9999    345.600     16.332    -27.174    -80.538      0.000   -128.938
    2.3200         0     945.64    -353.94    -248.78    1847.70    -428.80    -500.00
     -9999     -9999     43.200     16.365    -27.179    -80.538      0.000   -129.107
    2.3300         0     949.48    -355.91    -250.05    1846.44    -430.35    -500.00
     -9999     -9999    100.800     16.399    -27.184    -80.538      0.000   -129.275
    2.3400         0     953.32    -357.88    -251.32    1845.17    -431.90    -500.00
     -9999     -9999    158.400     16.432    -27.188    -80.538      0.000   -129.444
    2.3500         0     957.16    -359.85    -252.59    1843.90    -433.44    -500.00
     -9999     -9999    216.000     16.466    -27.190    -80.538      0.000   -129.613
    2.3600         0     961.00    -361.83    -253.87    1842.62    -434.98    -500.00
     -9999     -9999    273.600     16.499    -27.192    -80.538      0.000   -129.781
    2.3700         0     964.84    -363.80    -255.15    1841.34    -436.52    -500.00
     -9999     -9999    331.200     16.533    -27.193    -80.538      0.000   -129.950
    2.3800         0     968.68    -365.77    -256.43    1840.05    -438.05    -500.00
     -9999     -9999     28.800     16.567    -27.194    -80.538      0.000   -130.118
    2.3900         0     972.51    -367.74    -257.71    1838.76    -439.57    -500.00
     -9999     -9999     86.400     16.601    -27.193    -80.538      0.000   -130.287
    2.4000         0     976.35    -369.71    -259.00    1837.47    -441.10    -500.00
     -9999     -9999    144.000     16.636    -27.191    -80.538      0.000   -130.455
    2.4100         0     980.18    -371.68    -260.29    1836.17    -442.62    -500.00
     -9999     -9999    201.600     16.670    -27.189    -80.538      0.000   -130.624
    2.4200         0     984.02    -373.65    -261.58    1834.86    -444.13    -500.00
     -9999     -9999    259.200     16.705    -27.186    -80.538      0.000   -130.792
    2.4300         0     987.85    -375.62    -262.88    1833.55    -445.65    -500.00
     -9999     -9999    316.800     16.740    -27.182    -80.538      0.000   -130.961
    2.4400         0     991.68    -377.59    -264.17    1832.24    -447.16    -500.00
     -9999     -9999     14.400     16.775    -27.177    -80.538      0.000   -131.130
    2.4500         0     995.52    -379.55    -265.48    1830.92    -448.66    -500.00
     -9999     -9999     72.000     16.810    -27.171    -80.538      0.000   -131.298
    2.4600         0     999.35    -381.52    -266.78    1829.60    -450.16    -500.00
     -9999     -9999    129.600     16.845    -27.165    -80.538      0.000   -131.467
    2.4700         0    1003.18    -383.49    -268.08    1828.27    -451.66    -500.00
     -9999     -9999    187.200     16.881    -27.157    -80.538      0.000   -131.635
    2.4800         0    1007.01    -385.45    -269.39    1826.94    -453.15    -500.00
     -9999     -9999    244.800     16.916    -27.149    -80.538      0.000   -131.804
    2.4900         0    1010.84    -387.42    -270.70    1825.61    -454.64    -500.00
     -9999     -9999    302.400     16.952    -27.140    -80.538      0.000   -131.972
    2.5000         0    1014.67    -389.38    -272.02    1824.27    -456.12    -500.00
     -9999     -9999    360.000     16.988    -27.129    -80.538      0.000   -132.141
    2.5100         0    1018.50    -391.34    -273.33    1822.92    -457.60    -500.00
     -9999     -9999     57.600     17.024    -27.118    -80.538      0.000   -132.310
    2.5200         0    1022.33    -393.30    -274.65    1821.57    -459.08    -500.00
     -9999     -9999    115.200     17.060    -27.107    -80.538      0.000   -132.478
    2.5300         0    1026.16    -395.26    -275.97    1820.22    -460.56    -500.00
     -9999     -9999    172.800     17.097    -27.094    -80.538      0.000   -132.647
    2.5400         0    1029.99    -397.22    -277.30    1818.86    -462.02    -500.00
     -9999     -9999    230.400     17.133    -27.080    -80.538      0.000   -132.815
    2.5500         0    1033.82    -399.18    -278.62    1817.50    -463.49    -500.00
     -9999     -9999    288.000     17.170    -27.065    -80.538      0.000   -132.984
    2.5600         0    1037.65    -401.13    -279.95    1816.14    -464.95    -500.00
     -9999     -9999    345.600     17.207    -27.050    -80.538      0.000   -133.152
    2.5700         0    1041.48    -403.09    -281.29    1814.77    -466.41    -500.00
     -9999     -9999     43.200     17.244    -27.033    -80.538      0.000   -133.321
    2.5800         0    1045.30    -405.04    -282.62    1813.39    -467.86    -500.00
     -9999     -9999    100.800     17.282    -27.016    -80.538      0.000   -133.489
    2.5900         0    1049.13    -406.99    -283.96    1812.01    -469.31    -500.00
     -9999     -9999    158.400     17.319    -26.998    -80.538      0.000   -133.658
    2.6000         0    1052.96    -408.94    -285.30    1810.63    -470.75    -500.00
     -9999     -9999    216.000     17.356    -26.979    -80.538      0.000   -133.827
    2.6100         0    1056.79    -410.89    -286.64    1809.24    -472.20    -500.00
     -9999     -9999    273.600     17.394    -26.958    -80.538      0.000   -133.995
    2.6200         0    1060.61    -412.83    -287.99    1807.85    -473.63    -500.00
     -9999     -9999    331.200     17.432    -26.937    -80.538      0.000   -134.164
    2.6300         0    1064.44    -414.78    -289.34    1806.46    -475.06    -500.00
     -9999     -9999     28.800     17.470    -26.915    -80.538      0.000   -134.332
    2.6400         0    1068.27    -416.72    -290.69    1805.06    -476.49    -500.00
     -9999     -9999     86.400     17.508    -26.892    -80.538      0.000   -134.501
    2.6500         0    1072.10    -418.66    -292.05    1803.65    -477.92    -500.00
     -9999     -9999    144.000     17.547    -26.869    -80.538      0.000   -134.669
    2.6600         0    1075.92    -420.60    -293.41    1802.25    -479.34    -500.00
     -9999     -9999    201.600     17.585    -26.844    -80.538      0.000   -134.838
    2.6700         0    1079.75    -422.53    -294.77    1800.83    -480.75    -500.00
     -9999     -9999    259.200     17.624    -26.818    -80.538      0.000   -135.007
    2.6800         0    1083.58    -424.47    -296.13    1799.42    -482.17    -500.00
     -9999     -9999    316.800     17.663    -26.791    -80.538      0.000   -135.175
    2.6900         0    1087.41    -426.40    -297.50    1798.00    -483.57    -500.00
     -9999     -9999     14.400     17.702    -26.763    -80.538      0.000   -135.344
    2.7000         0    1091.23    -428.33    -298.87    1796.57    -484.98    -500.00
     -9999     -9999     72.000     17.741    -26.735    -80.538      0.000   -135.512
    2.7100         0    1095.06    -430.25    -300.24    1795.14    -486.38    -500.00
     -9999     -9999    129.600     17.781    -26.705    -80.538      0.000   -135.681
    2.7200         0    1098.89    -432.18    -301.62    1793.71    -487.77    -500.00
     -9999     -9999    187.200     17.820    -26.674    -80.538      0.000   -135.849
    2.7300         0    1102.72    -434.10    -302.99    1792.27    -489.16    -500.00
     -9999     -9999    244.800     17.860    -26.643    -80.538      0.000   -136.018
    2.7400         0    1106.55    -436.02    -304.38    1790.83    -490.55    -500.00
     -9999     -9999    302.400     17.900    -26.610    -80.538      0.000   -136.187
    2.7500         0    1110.38    -437.94    -305.76    1789.39    -491.93    -500.00
     -9999     -9999    360.000     17.940    -26.577    -80.538      0.000   -136.355
    2.7600         0    1114.20    -439.85    -307.15    1787.94    -493.31    -500.00
     -9999     -9999     57.600     17.980    -26.542    -80.538      0.000   -136.524
    2.7700         0    1118.03    -441.76    -308.54    1786.48    -494.68    -500.00
     -9999     -9999    115.200     18.020    -26.506    -80.538      0.000   -136.692
    2.7800         0    1121.86    -443.67    -309.93    1785.03    -496.05    -500.00
     -9999     -9999    172.800     18.061    -26.470    -80.538      0.000   -136.861
    2.7900         0    1125.69    -445.58    -311.33    1783.56    -497.42    -500.00
     -9999     -9999    230.400     18.102    -26.432    -80.538      0.000   -137.029
    2.8000         0    1129.52    -447.48    -312.73    1782.10    -498.78    -500.00
     -9999     -9999    288.000     18.143    -26.393    -80.538      0.000   -137.198
    2.8100         0    1133.35    -449.38    -314.13    1780.63    -500.14    -500.00
     -9999     -9999    345.600     18.184    -26.354    -80.538      0.000   -137.366
    2.8200         0    1137.19    -451.27    -315.54    1779.16    -501.49    -500.00
     -9999     -9999     43.200     18.225    -26.313    -80.538      0.000   -137.535
    2.8300         0    1141.02    -453.17    -316.95    1777.68    -502.84    -500.00
     -9999     -9999    100.800     18.266    -26.271    -80.538      0.000   -137.704
    2.8400         0    1144.85    -455.06    -318.36    1776.20    -504.18    -500.00
     -9999     -9999    158.400     18.308    -26.228    -80.538      0.000   -137.872
    2.8500         0    1148.68    -456.94    -319.77    1774.71    -505.52    -500.00
     -9999     -9999    216.000     18.349    -26.184    -80.538      0.000   -138.041
    2.8600         0    1152.52    -458.83    -321.19    1773.22    -506.86    -500.00
     -9999     -9999    273.600     18.391    -26.139    -80.538      0.000   -138.209
    2.8700         0    1156.35    -460.71    -322.61    1771.73    -508.19    -500.00
     -9999     -9999    331.200     18.433    -26.093    -80.538      0.000   -138.378
    2.8800         0    1160.18    -462.58    -324.04    1770.23    -509.51    -500.00
     -9999     -9999     28.800     18.475    -26.046    -80.538      0.000   -138.546
    2.8900         0    1164.02    -464.45    -325.47    1768.73    -510.83    -500.00
     -9999     -9999     86.400     18.518    -25.998    -80.538      0.000   -138.715
    2.9000         0    1167.85    -466.32    -326.90    1767.23    -512.15    -500.00
     -9999     -9999    144.000     18.560    -25.949    -80.538      0.000   -138.884
    2.9100         0    1171.69    -468.19    -328.33    1765.72    -513.47    -500.00
     -9999     -9999    201.600     18.603    -25.899    -80.538      0.000   -139.052
    2.9200         0    1175.53    -470.05    -329.77    1764.21    -514.77    -500.00
     -9999     -9999    259.200     18.646    -25.847    -80.538      0.000   -139.221
    2.9300         0    1179.36    -471.91    -331.21    1762.69    -516.08    -500.00
     -9999     -9999    316.800     18.689    -25.795    -80.538      0.000   -139.389
    2.9400         0    1183.20    -473.76    -332.65    1761.17    -517.38    -500.00
     -9999     -9999     14.400     18.732    -25.741    -80.538      0.000   -139.558
    2.9500         0    1187.04    -475.61    -334.10    1759.65    -518.67    -500.00
     -9999     -9999     72.000     18.775    -25.687    -80.538      0.000   -139.726
    2.9600         0    1190.88    -477.45    -335.55    1758.12    -519.96    -500.00
     -9999     -9999    129.600     18.818    -25.631    -80.538      0.000   -139.895
    2.9700         0    1194.72    -479.29    -337.00    1756.59    -521.25    -500.00
     -9999     -9999    187.200     18.862    -25.574    -80.538      0.000   -140.063
    2.9800         0    1198.56    -481.13    -338.46    1755.05    -522.53    -500.00
     -9999     -9999    244.800     18.906    -25.516    -80.538      0.000   -140.232
    2.9900         0    1202.41    -482.96    -339.92    1753.51    -523.81    -500.00
     -9999     -9999    302.400     18.950    -25.456    -80.538      0.000   -140.401
    3.0000         0    1206.25    -484.79    -341.38    1751.97    -525.08    -500.00
     -9999     -9999    360.000     18.994    -25.396    -80.538      0.000   -140.569
    3.0100         0    1210.09    -486.61    -342.85    1750.42    -526.35    -500.00
     -9999     -9999     57.600     19.038    -25.335    -80.538      0.000   -140.738
    3.0200         0    1213.94    -488.43    -344.32    1748.87    -527.61    -500.00
     -9999     -9999    115.200     19.082    -25.272    -80.538      0.000   -140.906
    3.0300         0    1217.79    -490.24    -345.79    1747.32    -528.87    -500.00
     -9999     -9999    172.800     19.127    -25.208    -80.538      0.000   -141.075
    3.0400         0    1221.63    -492.05    -347.26    1745.76    -530.13    -500.00
     -9999     -9999    230.400     19.172    -25.143    -80.538      0.000   -141.243
    3.0500         0    1225.48    -493.85    -348.74    1744.20    -531.37    -500.00
     -9999     -9999    288.000     19.216    -25.077    -80.538      0.000   -141.412
    3.0600         0    1229.33    -495.65    -350.23    1742.63    -532.62    -500.00
     -9999     -9999    345.600     19.261    -25.009    -80.538      0.000   -141.581
    3.0700         0    1233.18    -497.44    -351.71    1741.06    -533.86    -500.00
     -9999     -9999     43.200     19.307    -24.941    -80.538      0.000   -141.749
    3.0800         0    1237.03    -499.23    -353.20    1739.49    -535.10    -500.00
     -9999     -9999    100.800     19.352    -24.871    -80.538      0.000   -141.918
    3.0900         0    1240.88    -501.02    -354.70    1737.92    -536.33    -500.00
     -9999     -9999    158.400     19.397    -24.800    -80.538      0.000   -142.086
    3.1000         0    1244.74    -502.79    -356.19    1736.34    -537.55    -500.00
     -9999     -9999    216.000     19.443    -24.728    -80.538      0.000   -142.255
    3.1100         0    1248.59    -504.57    -357.69    1734.75    -538.78    -500.00
     -9999     -9999    273.600     19.489    -24.654    -80.538      0.000   -142.423
    3.1200         0    1252.45    -506.33    -359.19    1733.17    -539.99    -500.00
     -9999     -9999    331.200     19.535    -24.579    -80.538      0.000   -142.592
    3.1300         0    1256.31    -508.09    -360.70    1731.58    -541.21    -500.00
     -9999     -9999     28.800     19.581    -24.504    -80.538      0.000   -142.760
    3.1400         0    1260.17    -509.85    -362.21    1729.98    -542.41    -500.00
     -9999     -9999     86.400     19.627    -24.426    -80.538      0.000   -142.929
    3.1500         0    1264.03    -511.60    -363.72    1728.38    -543.62    -500.00
     -9999     -9999    144.000     19.673    -24.348    -80.538      0.000   -143.098
    3.1600         0    1267.89    -513.34    -365.24    1726.78    -544.82    -500.00
     -9999     -9999    201.600     19.720    -24.268    -80.538      0.000   -143.266
    3.1700         0    1271.75    -515.08    -366.76    1725.18    -546.01    -500.00
     -9999     -9999    259.200     19.766    -24.187    -80.538      0.000   -143.435
    3.1800         0    1275.61    -516.81    -368.28    1723.57    -547.20    -500.00
     -9999     -9999    316.800     19.813    -24.105    -80.538      0.000   -143.603
    3.1900         0    1279.48    -518.54    -369.81    1721.96    -548.38    -500.00
     -9999     -9999     14.400     19.860    -24.021    -80.538      0.000   -143.772
    3.2000         0    1283.34    -520.26    -371.34    1720.34    -549.56    -500.00
     -9999     -9999     72.000     19.907    -23.936    -80.538      0.000   -143.940
    3.2100         0    1287.21    -521.97    -372.88    1718.72    -550.74    -500.00
     -9999     -9999    129.600     19.954    -23.850    -80.538      0.000   -144.109
    3.2200         0    1291.08    -523.68    -374.41    1717.10    -551.91    -500.00
     -9999     -9999    187.200     20.002    -23.762    -80.538      0.000   -144.278
    3.2300         0    1294.95    -525.38    -375.95    1715.48    -553.07    -500.00
     -9999     -9999    244.800     20.049    -23.673    -80.538      0.000   -144.446
    3.2400         0    1298.82    -527.07    -377.50    1713.85    -554.23    -500.00
     -9999     -9999    302.400     20.097    -23.583    -80.538      0.000   -144.615
    3.2500         0    1302.70    -528.76    -379.05    1712.22    -555.39    -500.00
     -9999     -9999    360.000     20.144    -23.491    -80.538      0.000   -144.783
    3.2600         0    1306.57    -530.44    -380.60    1710.58    -556.54    -500.00
     -9999     -9999     57.600     20.192    -23.398    -80.538      0.000   -144.952
    3.2700         0    1310.45    -532.12    -382.15    1708.94    -557.69    -500.00
     -9999     -9999    115.200     20.240    -23.305    -80.538      0.000   -145.120
    3.2800         0    1314.33    -533.78    -383.71    1707.30    -558.83    -500.00
     -9999     -9999    172.800     20.287    -23.211    -80.538      0.000   -145.289
    3.2900         0    1318.21    -535.44    -385.27    1705.65    -559.96    -500.00
     -9999     -9999    230.400     20.333    -23.117    -80.538      0.000   -145.458
    3.3000         0    1322.09    -537.10    -386.84    1704.00    -561.10    -500.00
     -9999     -9999    288.000     20.380    -23.022    -80.538      0.000   -145.626
    3.3100         0    1325.97    -538.74    -388.41    1702.35    -562.22    -500.00
     -9999     -9999    345.600     20.426    -22.928    -80.538      0.000   -145.795
    3.3200         0    1329.86    -540.38    -389.98    1700.70    -563.34    -500.00
     -9999     -9999     43.200     20.471    -22.833    -80.538      0.000   -145.963
    3.3300         0    1333.74    -542.01    -391.55    1699.04    -564.46    -500.00
     -9999     -9999    100.800     20.516    -22.738    -80.538      0.000   -146.132
    3.3400         0    1337.63    -543.64    -393.13    1697.38    -565.57    -500.00
     -9999     -9999    158.400     20.561    -22.642    -80.538      0.000   -146.300
    3.3500         0    1341.52    -545.26    -394.72    1695.71    -566.68    -500.00
     -9999     -9999    216.000     20.605    -22.547    -80.538      0.000   -146.469
    3.3600         0    1345.41    -546.87    -396.30    1694.04    -567.78    -500.00
     -9999     -9999    273.600     20.649    -22.451    -80.538      0.000   -146.637
    3.3700         0    1349.31    -548.47    -397.89    1692.37    -568.88    -500.00
     -9999     -9999    331.200     20.692    -22.355    -80.538      0.000   -146.806
    3.3800         0    1353.20    -550.07    -399.48    1690.69    -569.97    -500.00
     -9999     -9999     28.800     20.735    -22.258    -80.538      0.000   -146.975
    3.3900         0    1357.10    -551.66    -401.08    1689.01    -571.06    -500.00
     -9999     -9999     86.400     20.778    -22.162    -80.538      0.000   -147.143
    3.4000         0    1360.99    -553.25    -402.67    1687.33    -572.14    -500.00
     -9999     -9999    144.000     20.821    -22.065    -80.538      0.000   -147.312
    3.4100         0    1364.89    -554.82    -404.27    1685.65    -573.22    -500.00
     -9999     -9999    201.600     20.862    -21.968    -80.538      0.000   -147.480
    3.4200         0    1368.79    -556.39    -405.88    1683.96    -574.29    -500.00
     -9999     -9999    259.200     20.904    -21.871    -80.538      0.000   -147.649
    3.4300         0    1372.69    -557.96    -407.49    1682.27    -575.36    -500.00
     -9999     -9999    316.800     20.945    -21.773    -80.538      0.000   -147.817
    3.4400         0    1376.60    -559.51    -409.10    1680.58    -576.42    -500.00
     -9999     -9999     14.400     20.986    -21.676    -80.538      0.000   -147.986
    3.4500         0    1380.50    -561.06    -410.71    1678.88    -577.48    -500.00
     -9999     -9999     72.000     21.027    -21.578    -80.538      0.000   -148.155
    3.4600         0    1384.41    -562.60    -412.33    1677.18    -578.53    -500.00
     -9999     -9999    129.600     21.067    -21.480    -80.538      0.000   -148.323
    3.4700         0    1388.32    -564.13    -413.94    1675.47    -579.58    -500.00
     -9999     -9999    187.200     21.107    -21.382    -80.538      0.000   -148.492
    3.4800         0    1392.23    -565.66    -415.57    1673.77    -580.63    -500.00
     -9999     -9999    244.800     21.146    -21.283    -80.538      0.000   -148.660
    3.4900         0    1396.14    -567.18    -417.19    1672.06    -581.66    -500.00
     -9999     -9999    302.400     21.186    -21.185    -80.538      0.000   -148.829
    3.5000         0    1400.05    -568.69    -418.82    1670.34    -582.70    -500.00
     -9999     -9999    360.000     21.224    -21.086    -80.538      0.000   -148.997
    3.5100         0    1403.97    -570.20    -420.45    1668.63    -583.72    -500.00
     -9999     -9999     57.600     21.263    -20.987    -80.538      0.000   -149.166
    3.5200         0    1407.88    -571.70    -422.08    1666.91    -584.75    -500.00
     -9999     -9999    115.200     21.301    -20.888    -80.538      0.000   -149.334
    3.5300         0    1411.80    -573.19    -423.72    1665.19    -585.76    -500.00
     -9999     -9999    172.800     21.339    -20.789    -80.538      0.000   -149.503
    3.5400         0    1415.72    -574.67    -425.36    1663.46    -586.78    -500.00
     -9999     -9999    230.400     21.377    -20.690    -80.538      0.000   -149.672
    3.5500         0    1419.64    -576.15    -427.00    1661.74    -587.78    -500.00
     -9999     -9999    288.000     21.414    -20.590    -80.538      0.000   -149.840
    3.5600         0    1423.56    -577.62    -428.64    1660.00    -588.79    -500.00
     -9999     -9999    345.600     21.451    -20.491    -80.538      0.000   -150.009
    3.5700         0    1427.49    -579.08    -430.29    1658.27    -589.78    -500.00
     -9999     -9999     43.200     21.488    -20.391    -80.538      0.000   -150.177
    3.5800         0    1431.41    -580.54    -431.94    1656.53    -590.77    -500.00
     -9999     -9999    100.800     21.525    -20.291    -80.538      0.000   -150.346
    3.5900         0    1435.34    -581.99    -433.59    1654.79    -591.76    -500.00
     -9999     -9999    158.400     21.561    -20.191    -80.538      0.000   -150.514
    3.6000         0    1439.27    -583.43    -435.25    1653.05    -592.74    -500.00
     -9999     -9999    216.000     21.597    -20.091    -80.538      0.000   -150.683
    3.6100         0    1443.20    -584.86    -436.91    1651.31    -593.72    -500.00
     -9999     -9999    273.600     21.633    -19.990    -80.538      0.000   -150.852
    3.6200         0    1447.13    -586.29    -438.57    1649.56    -594.69    -500.00
     -9999     -9999    331.200     21.668    -19.890    -80.538      0.000   -151.020
    3.6300         0    1451.06    -587.71    -440.23    1647.81    -595.66    -500.00
     -9999     -9999     28.800     21.703    -19.789    -80.538      0.000   -151.189
    3.6400         0    1455.00    -589.12    -441.89    1646.05    -596.62    -500.00
     -9999     -9999     86.400     21.738    -19.688    -80.538      0.000   -151.357
    3.6500         0    1458.94    -590.52    -443.56    1644.30    -597.58    -500.00
     -9999     -9999    144.000     21.773    -19.588    -80.538      0.000   -151.526
    3.6600         0    1462.87    -591.92    -445.23    1642.54    -598.53    -500.00
     -9999     -9999    201.600     21.807    -19.487    -80.538      0.000   -151.694
    3.6700         0    1466.81    -593.31    -446.91    1640.78    -599.47    -500.00
     -9999     -9999    259.200     21.842    -19.386    -80.538      0.000   -151.863
    3.6800         0    1470.75    -594.69    -448.58    1639.01    -600.41    -500.00
     -9999     -9999    316.800     21.876    -19.284    -80.538      0.000   -152.032
    3.6900         0    1474.70    -596.07    -450.26    1637.24    -601.35    -500.00
     -9999     -9999     14.400     21.909    -19.183    -80.538      0.000   -152.200
    3.7000         0    1478.64    -597.44    -451.94    1635.47    -602.28    -500.00
     -9999     -9999     72.000     21.943    -19.082    -80.538      0.000   -152.369
    3.7100         0    1482.59    -598.80    -453.62    1633.70    -603.20    -500.00
     -9999     -9999    129.600     21.976    -18.980    -80.538      0.000   -152.537
    3.7200         0    1486.53    -600.15    -455.31    1631.92    -604.12    -500.00
     -9999     -9999    187.200     22.010    -18.879    -80.538      0.000   -152.706
    3.7300         0    1490.48    -601.50    -456.99    1630.14    -605.04    -500.00
     -9999     -9999    244.800     22.043    -18.777    -80.538      0.000   -152.874
    3.7400         0    1494.43    -602.84    -458.68    1628.36    -605.95    -500.00
     -9999     -9999    302.400     22.075    -18.675    -80.538      0.000   -153.043
    3.7500         0    1498.38    -604.17    -460.38    1626.58    -606.85    -500.00
     -9999     -9999    360.000     22.108    -18.573    -80.538      0.000   -153.211
    3.7600         0    1502.34    -605.49    -462.07    1624.79    -607.75    -500.00
     -9999     -9999     57.600     22.140    -18.471    -80.538      0.000   -153.380
    3.7700         0    1506.29    -606.81    -463.77    1623.00    -608.64    -500.00
     -9999     -9999    115.200     22.173    -18.369    -80.538      0.000   -153.549
    3.7800         0    1510.24    -608.12    -465.47    1621.21    -609.53    -500.00
     -9999     -9999    172.800     22.205    -18.267    -80.538      0.000   -153.717
    3.7900         0    1514.20    -609.42    -467.17    1619.42    -610.41    -500.00
     -9999     -9999    230.400     22.237    -18.165    -80.538      0.000   -153.886
    3.8000         0    1518.16    -610.72    -468.87    1617.62    -611.29    -500.00
     -9999     -9999    288.000     22.268    -18.062    -80.538      0.000   -154.054
    3.8100         0    1522.12    -612.00    -470.58    1615.82    -612.16    -500.00
     -9999     -9999    345.600     22.300    -17.960    -80.538      0.000   -154.223
    3.8200         0    1526.08    -613.28    -472.29    1614.02    -613.03    -500.00
     -9999     -9999     43.200     22.331    -17.857    -80.538      0.000   -154.391
    3.8300         0    1530.04    -614.56    -474.00    1612.21    -613.89    -500.00
     -9999     -9999    100.800     22.363    -17.755    -80.538      0.000   -154.560
    3.8400         0    1534.01    -615.82    -475.71    1610.41    -614.75    -500.00
     -9999     -9999    158.400     22.394    -17.652    -80.538      0.000   -154.729
    3.8500         0    1537.97    -617.08    -477.43    1608.60    -615.60    -500.00
     -9999     -9999    216.000     22.425    -17.550    -80.538      0.000   -154.897
    3.8600         0    1541.94    -618.33    -479.15    1606.78    -616.45    -500.00
     -9999     -9999    273.600     22.456    -17.447    -80.538      0.000   -155.066
    3.8700         0    1545.91    -619.57    -480.87    1604.97    -617.29    -500.00
     -9999     -9999    331.200     22.487    -17.344    -80.538      0.000   -155.234
    3.8800         0    1549.88    -620.81    -482.59    1603.15    -618.12    -500.00
     -9999     -9999     28.800     22.517    -17.241    -80.538      0.000   -155.403
    3.8900         0    1553.85    -622.04    -484.31    1601.33    -618.95    -500.00
     -9999     -9999     86.400     22.548    -17.138    -80.538      0.000   -155.571
    3.9000         0    1557.82    -623.26    -486.04    1599.51    -619.78    -500.00
     -9999     -9999    144.000     22.578    -17.035    -80.538      0.000   -155.740
    3.9100         0    1561.79    -624.47    -487.77    1597.68    -620.60    -500.00
     -9999     -9999    201.600     22.609    -16.932    -80.538      0.000   -155.908
    3.9200         0    1565.77    -625.68    -489.50    1595.86    -621.41    -500.00
     -9999     -9999    259.200     22.639    -16.829    -80.538      0.000   -156.077
    3.9300         0    1569.75    -626.88    -491.23    1594.03    -622.22    -500.00
     -9999     -9999    316.800     22.670    -16.726    -80.538      0.000   -156.246
    3.9400         0    1573.72    -628.07    -492.97    1592.20    -623.02    -500.00
     -9999     -9999     14.400     22.700    -16.623    -80.538      0.000   -156.414
    3.9500         0    1577.70    -629.25    -494.71    1590.36    -623.82    -500.00
     -9999     -9999     72.000     22.730    -16.519    -80.538      0.000   -156.583
    3.9600         0    1581.68    -630.43    -496.45    1588.53    -624.61    -500.00
     -9999     -9999    129.600     22.760    -16.416    -80.538      0.000   -156.751
    3.9700         0    1585.66    -631.60    -498.19    1586.69    -625.40    -500.00
     -9999     -9999    187.200     22.790    -16.313    -80.538      0.000   -156.920
    3.9718         0    1586.38    -631.81    -498.50    1586.36    -625.54    -500.00
     -9999     -9999    197.568     22.795    -16.294    -80.538      0.000   -156.950
    3.9918        -1    1586.38    -631.81    -498.50    1586.36    -625.54    -500.00
     -9999     -9999    197.568     22.795    -16.294    -80.538      0.000   -156.950
