    0.0000         0       0.00      -0.00      -2.00    2000.00    -500.00    -500.00
     -9999     -9999      0.000     12.000    -10.000     75.964      0.000   -180.000
    0.0100         0       4.33      -0.77      -2.94    1998.00    -500.00    -500.00
     -9999     -9999     57.600     12.060    -10.082     75.964      0.000   -179.888
    0.0200         0       8.67      -1.54      -3.88    1996.00    -500.01    -500.00
     -9999     -9999    115.200     12.119    -10.164     75.964      0.000   -179.775
    0.0300         0      13.00      -2.32      -4.83    1994.00    -500.02    -500.00
     -9999     -9999    172.800     12.179    -10.246     75.964      0.000   -179.663
    0.0400         0      17.32      -3.11      -5.78    1992.00    -500.03    -500.00
     -9999     -9999    230.400     12.238    -10.328     75.964      0.000   -179.550
    0.0500         0      21.65      -3.90      -6.74    1990.00    -500.05    -500.00
     -9999     -9999    288.000     12.297    -10.411     75.964      0.000   -179.438
    0.0600         0      25.97      -4.69      -7.70    1988.00    -500.07    -500.00
     -9999     -9999    345.600     12.355    -10.494     75.964      0.000   -179.326
    0.0700         0      30.29      -5.50      -8.66    1986.00    -500.10    -500.00
     -9999     -9999     43.200     12.414    -10.577     75.964      0.000   -179.213
    0.0800         0      34.61      -6.31      -9.63    1984.00    -500.13    -500.00
     -9999     -9999    100.800     12.472    -10.660     75.964      0.000   -179.101
    0.0900         0      38.93      -7.12     -10.60    1982.00    -500.16    -500.00
     -9999     -9999    158.400     12.530    -10.743     75.964      0.000   -178.989
    0.1000         0      43.24      -7.95     -11.58    1980.00    -500.20    -500.00
     -9999     -9999    216.000     12.588    -10.826     75.964      0.000   -178.876
    0.1100         0      47.56      -8.77     -12.57    1978.00    -500.24    -500.00
     -9999     -9999    273.600     12.646    -10.910     75.964      0.000   -178.764
    0.1200         0      51.87      -9.61     -13.55    1976.00    -500.28    -500.00
     -9999     -9999    331.200     12.703    -10.994     75.964      0.000   -178.651
    0.1300         0      56.17     -10.45     -14.55    1974.00    -500.33    -500.00
     -9999     -9999     28.800     12.760    -11.078     75.964      0.000   -178.539
    0.1400         0      60.48     -11.29     -15.54    1972.00    -500.38    -500.00
     -9999     -9999     86.400     12.817    -11.162     75.964      0.000   -178.427
    0.1500         0      64.78     -12.15     -16.54    1970.00    -500.44    -500.00
     -9999     -9999    144.000     12.874    -11.246     75.964      0.000   -178.314
    0.1600         0      69.09     -13.01     -17.55    1968.01    -500.50    -500.00
     -9999     -9999    201.600     12.930    -11.331     75.964      0.000   -178.202
    0.1700         0      73.38     -13.87     -18.56    1966.01    -500.57    -500.00
     -9999     -9999    259.200     12.986    -11.416     75.964      0.000   -178.090
    0.1800         0      77.68     -14.74     -19.57    1964.01    -500.64    -500.00
     -9999     -9999    316.800     13.042    -11.501     75.964      0.000   -177.977
    0.1900         0      81.98     -15.62     -20.59    1962.01    -500.71    -500.00
     -9999     -9999     14.400     13.098    -11.586     75.964      0.000   -177.865
    0.2000         0      86.27     -16.50     -21.61    1960.01    -500.78    -500.00
     -9999     -9999     72.000     13.154    -11.671     75.964      0.000   -177.752
    0.2100         0      90.56     -17.39     -22.63    1958.01    -500.86    -500.00
     -9999     -9999    129.600     13.209    -11.756     75.964      0.000   -177.640
    0.2200         0      94.85     -18.29     -23.66    1956.01    -500.95    -500.00
     -9999     -9999    187.200     13.264    -11.842     75.964      0.000   -177.528
    0.2300         0      99.13     -19.19     -24.70    1954.02    -501.04    -500.00
     -9999     -9999    244.800     13.319    -11.928     75.964      0.000   -177.415
    0.2400         0     103.42     -20.10     -25.74    1952.02    -501.13    -500.00
     -9999     -9999    302.400     13.374    -12.014     75.964      0.000   -177.303
    0.2500         0     107.70     -21.01     -26.78    1950.02    -501.23    -500.00
     -9999     -9999      0.000     13.428    -12.100     75.964      0.000   -177.191
    0.2600         0     111.98     -21.93     -27.83    1948.02    -501.33    -500.00
     -9999     -9999     57.600     13.482    -12.186     75.964      0.000   -177.078
    0.2700         0     116.25     -22.86     -28.88    1946.03    -501.43    -500.00
     -9999     -9999    115.200     13.536    -12.272     75.964      0.000   -176.966
    0.2800         0     120.53     -23.79     -29.93    1944.03    -501.54    -500.00
     -9999     -9999    172.800     13.590    -12.359     75.964      0.000   -176.853
    0.2900         0     124.80     -24.73     -30.99    1942.03    -501.65    -500.00
     -9999     -9999    230.400     13.644    -12.446     75.964      0.000   -176.741
    0.3000         0     129.07     -25.68     -32.06    1940.03    -501.76    -500.00
     -9999     -9999    288.000     13.697    -12.533     75.964      0.000   -176.629
    0.3100         0     133.33     -26.63     -33.13    1938.04    -501.88    -500.00
     -9999     -9999    345.600     13.750    -12.620     75.964      0.000   -176.516
    0.3200         0     137.60     -27.59     -34.20    1936.04    -502.01    -500.00
     -9999     -9999     43.200     13.803    -12.707     75.964      0.000   -176.404
    0.3300         0     141.86     -28.55     -35.27    1934.05    -502.14    -500.00
     -9999     -9999    100.800     13.855    -12.795     75.964      0.000   -176.292
    0.3400         0     146.12     -29.52     -36.35    1932.05    -502.27    -500.00
     -9999     -9999    158.400     13.908    -12.882     75.964      0.000   -176.179
    0.3500         0     150.38     -30.50     -37.44    1930.05    -502.40    -500.00
     -9999     -9999    216.000     13.960    -12.970     75.964      0.000   -176.067
    0.3600         0     154.63     -31.48     -38.52    1928.06    -502.54    -500.00
     -9999     -9999    273.600     14.012    -13.058     75.964      0.000   -175.954
    0.3700         0     158.88     -32.47     -39.61    1926.06    -502.68    -500.00
     -9999     -9999    331.200     14.063    -13.146     75.964      0.000   -175.842
    0.3800         0     163.13     -33.47     -40.71    1924.07    -502.83    -500.00
     -9999     -9999     28.800     14.115    -13.234     75.964      0.000   -175.730
    0.3900         0     167.38     -34.47     -41.81    1922.08    -502.98    -500.00
     -9999     -9999     86.400     14.166    -13.323     75.964      0.000   -175.617
    0.4000         0     171.62     -35.48     -42.91    1920.08    -503.14    -500.00
     -9999     -9999    144.000     14.217    -13.411     75.964      0.000   -175.505
    0.4100         0     175.86     -36.49     -44.02    1918.09    -503.30    -500.00
     -9999     -9999    201.600     14.268    -13.500     75.964      0.000   -175.393
    0.4200         0     180.10     -37.51     -45.13    1916.09    -503.46    -500.00
     -9999     -9999    259.200     14.318    -13.589     75.964      0.000   -175.280
    0.4300         0     184.34     -38.54     -46.25    1914.10    -503.62    -500.00
     -9999     -9999    316.800     14.369    -13.678     75.964      0.000   -175.168
    0.4400         0     188.58     -39.58     -47.36    1912.11    -503.79    -500.00
     -9999     -9999     14.400     14.419    -13.767     75.964      0.000   -175.055
    0.4500         0     192.81     -40.62     -48.49    1910.12    -503.97    -500.00
     -9999     -9999     72.000     14.469    -13.857     75.964      0.000   -174.943
    0.4600         0     197.04     -41.66     -49.61    1908.12    -504.15    -500.00
     -9999     -9999    129.600     14.518    -13.946     75.964      0.000   -174.831
    0.4700         0     201.26     -42.72     -50.74    1906.13    -504.33    -500.00
     -9999     -9999    187.200     14.567    -14.036     75.964      0.000   -174.718
    0.4800         0     205.49     -43.78     -51.88    1904.14    -504.52    -500.00
     -9999     -9999    244.800     14.617    -14.126     75.964      0.000   -174.606
    0.4900         0     209.71     -44.84     -53.01    1902.15    -504.71    -500.00
     -9999     -9999    302.400     14.665    -14.216     75.964      0.000   -174.494
    0.5000         0     213.93     -45.91     -54.16    1900.16    -504.90    -500.00
     -9999     -9999      0.000     14.714    -14.306     75.964      0.000   -174.381
    0.5100         0     218.14     -46.99     -55.30    1898.17    -505.10    -500.00
     -9999     -9999     57.600     14.762    -14.397     75.964      0.000   -174.269
    0.5200         0     222.36     -48.08     -56.45    1896.18    -505.30    -500.00
     -9999     -9999    115.200     14.811    -14.487     75.964      0.000   -174.156
    0.5300         0     226.57     -49.17     -57.60    1894.19    -505.50    -500.00
     -9999     -9999    172.800     14.859    -14.578     75.964      0.000   -174.044
    0.5400         0     230.78     -50.27     -58.76    1892.20    -505.71    -500.00
     -9999     -9999    230.400     14.906    -14.669     75.964      0.000   -173.932
    0.5500         0     234.98     -51.37     -59.92    1890.21    -505.93    -500.00
     -9999     -9999    288.000     14.954    -14.760     75.964      0.000   -173.819
    0.5600         0     239.18     -52.48     -61.08    1888.23    -506.14    -500.00
     -9999     -9999    345.600     15.001    -14.851     75.964      0.000   -173.707
    0.5700         0     243.38     -53.60     -62.25    1886.24    -506.37    -500.00
     -9999     -9999     43.200     15.048    -14.942     75.964      0.000   -173.595
    0.5800         0     247.58     -54.72     -63.42    1884.25    -506.59    -500.00
     -9999     -9999    100.800     15.095    -15.033     75.964      0.000   -173.482
    0.5900         0     251.78     -55.85     -64.59    1882.26    -506.82    -500.00
     -9999     -9999    158.400     15.141    -15.125     75.964      0.000   -173.370
    0.6000         0     255.97     -56.99     -65.77    1880.28    -507.05    -500.00
     -9999     -9999    216.000     15.187    -15.217     75.964      0.000   -173.257
    0.6100         0     260.16     -58.13     -66.95    1878.29    -507.29    -500.00
     -9999     -9999    273.600     15.234    -15.308     75.964      0.000   -173.145
    0.6200         0     264.34     -59.28     -68.13    1876.31    -507.53    -500.00
     -9999     -9999    331.200     15.279    -15.400     75.964      0.000   -173.033
    0.6300         0     268.53     -60.44     -69.32    1874.32    -507.77    -500.00
     -9999     -9999     28.800     15.325    -15.493     75.964      0.000   -172.920
    0.6400         0     272.71     -61.60     -70.51    1872.34    -508.02    -500.00
     -9999     -9999     86.400     15.370    -15.585     75.964      0.000   -172.808
    0.6500         0     276.89     -62.77     -71.70    1870.35    -508.28    -500.00
     -9999     -9999    144.000     15.415    -15.677     75.964      0.000   -172.696
    0.6600         0     281.06     -63.95     -72.90    1868.37    -508.53    -500.00
     -9999     -9999    201.600     15.460    -15.770     75.964      0.000   -172.583
    0.6700         0     285.23     -65.13     -74.10    1866.39    -508.79    -500.00
     -9999     -9999    259.200     15.505    -15.863     75.964      0.000   -172.471
    0.6800         0     289.40     -66.32     -75.31    1864.40    -509.06    -500.00
     -9999     -9999    316.800     15.549    -15.956     75.964      0.000   -172.358
    0.6900         0     293.57     -67.51     -76.52    1862.42    -509.32    -500.00
     -9999     -9999     14.400     15.593    -16.049     75.964      0.000   -172.246
    0.7000         0     297.73     -68.71     -77.73    1860.44    -509.60    -500.00
     -9999     -9999     72.000     15.637    -16.142     75.964      0.000   -172.134
    0.7100         0     301.90     -69.92     -78.94    1858.46    -509.87    -500.00
     -9999     -9999    129.600     15.681    -16.235     75.964      0.000   -172.021
    0.7200         0     306.05     -71.14     -80.16    1856.48    -510.15    -500.00
     -9999     -9999    187.200     15.724    -16.329     75.964      0.000   -171.909
    0.7300         0     310.21     -72.36     -81.38    1854.50    -510.43    -500.00
     -9999     -9999    244.800     15.767    -16.422     75.964      0.000   -171.797
    0.7400         0     314.36     -73.58     -82.61    1852.52    -510.72    -500.00
     -9999     -9999    302.400     15.810    -16.516     75.964      0.000   -171.684
    0.7500         0     318.51     -74.82     -83.83    1850.54    -511.01    -500.00
     -9999     -9999      0.000     15.853    -16.610     75.964      0.000   -171.572
    0.7600         0     322.66     -76.06     -85.06    1848.56    -511.31    -500.00
     -9999     -9999     57.600     15.895    -16.704     75.964      0.000   -171.459
    0.7700         0     326.80     -77.31     -86.30    1846.58    -511.61    -500.00
     -9999     -9999    115.200     15.938    -16.798     75.964      0.000   -171.347
    0.7800         0     330.94     -78.56     -87.54    1844.61    -511.91    -500.00
     -9999     -9999    172.800     15.980    -16.892     75.964      0.000   -171.235
    0.7900         0     335.08     -79.82     -88.78    1842.63    -512.22    -500.00
     -9999     -9999    230.400     16.021    -16.987     75.964      0.000   -171.122
    0.8000         0     339.22     -81.09     -90.02    1840.66    -512.53    -500.00
     -9999     -9999    288.000     16.063    -17.081     75.964      0.000   -171.010
    0.8100         0     343.35     -82.36     -91.27    1838.68    -512.84    -500.00
     -9999     -9999    345.600     16.104    -17.176     75.964      0.000   -170.898
    0.8200         0     347.48     -83.64     -92.52    1836.71    -513.16    -500.00
     -9999     -9999     43.200     16.145    -17.271     75.964      0.000   -170.785
    0.8300         0     351.60     -84.93     -93.77    1834.73    -513.48    -500.00
     -9999     -9999    100.800     16.186    -17.366     75.964      0.000   -170.673
    0.8400         0     355.73     -86.22     -95.02    1832.76    -513.81    -500.00
     -9999     -9999    158.400     16.226    -17.461     75.964      0.000   -170.560
    0.8500         0     359.85     -87.52     -96.28    1830.79    -514.14    -500.00
     -9999     -9999    216.000     16.267    -17.556     75.964      0.000   -170.448
    0.8600         0     363.96     -88.83     -97.55    1828.81    -514.47    -500.00
     -9999     -9999    273.600     16.307    -17.651     75.964      0.000   -170.336
    0.8700         0     368.08     -90.14     -98.81    1826.84    -514.81    -500.00
     -9999     -9999    331.200     16.347    -17.747     75.964      0.000   -170.223
    0.8800         0     372.19     -91.46    -100.08    1824.87    -515.15    -500.00
     -9999     -9999     28.800     16.386    -17.842     75.964      0.000   -170.111
    0.8900         0     376.30     -92.79    -101.35    1822.90    -515.50    -500.00
     -9999     -9999     86.400     16.425    -17.938     75.964      0.000   -169.999
    0.9000         0     380.40     -94.12    -102.62    1820.93    -515.85    -500.00
     -9999     -9999    144.000     16.464    -18.034     75.964      0.000   -169.886
    0.9100         0     384.50     -95.46    -103.90    1818.96    -516.20    -500.00
     -9999     -9999    201.600     16.503    -18.130     75.964      0.000   -169.774
    0.9200         0     388.60     -96.80    -105.18    1817.00    -516.56    -500.00
     -9999     -9999    259.200     16.542    -18.226     75.964      0.000   -169.661
    0.9300         0     392.70     -98.16    -106.46    1815.03    -516.92    -500.00
     -9999     -9999    316.800     16.580    -18.322     75.964      0.000   -169.549
    0.9400         0     396.79     -99.51    -107.75    1813.06    -517.28    -500.00
     -9999     -9999     14.400     16.618    -18.419     75.964      0.000   -169.437
    0.9500         0     400.88    -100.88    -109.04    1811.10    -517.65    -500.00
     -9999     -9999     72.000     16.656    -18.515     75.964      0.000   -169.324
    0.9600         0     404.97    -102.25    -110.33    1809.13    -518.02    -500.00
     -9999     -9999    129.600     16.694    -18.612     75.964      0.000   -169.212
    0.9700         0     409.05    -103.63    -111.62    1807.17    -518.40    -500.00
     -9999     -9999    187.200     16.731    -18.708     75.964      0.000   -169.100
    0.9800         0     413.13    -105.02    -112.92    1805.20    -518.78    -500.00
     -9999     -9999    244.800     16.768    -18.805     75.964      0.000   -168.987
    0.9900         0     417.21    -106.41    -114.22    1803.24    -519.16    -500.00
     -9999     -9999    302.400     16.805    -18.902     75.964      0.000   -168.875
    1.0000         0     421.28    -107.81    -115.52    1801.28    -519.55    -500.00
     -9999     -9999      0.000     16.842    -18.999     75.964      0.000   -168.762
    1.0100         0     425.35    -109.21    -116.83    1799.32    -519.94    -500.00
     -9999     -9999     57.600     16.878    -19.096     75.964      0.000   -168.650
    1.0200         0     429.42    -110.63    -118.13    1797.36    -520.34    -500.00
     -9999     -9999    115.200     16.915    -19.194     75.964      0.000   -168.538
    1.0300         0     433.49    -112.04    -119.44    1795.40    -520.74    -500.00
     -9999     -9999    172.800     16.951    -19.291     75.964      0.000   -168.425
    1.0400         0     437.55    -113.47    -120.76    1793.44    -521.14    -500.00
     -9999     -9999    230.400     16.986    -19.389     75.964      0.000   -168.313
    1.0500         0     441.60    -114.90    -122.07    1791.48    -521.55    -500.00
     -9999     -9999    288.000     17.022    -19.486     75.964      0.000   -168.201
    1.0600         0     445.66    -116.34    -123.39    1789.52    -521.96    -500.00
     -9999     -9999    345.600     17.057    -19.584     75.964      0.000   -168.088
    1.0700         0     449.71    -117.79    -124.71    1787.57    -522.37    -500.00
     -9999     -9999     43.200     17.092    -19.682     75.964      0.000   -167.976
    1.0800         0     453.76    -119.24    -126.04    1785.61    -522.79    -500.00
     -9999     -9999    100.800     17.127    -19.780     75.964      0.000   -167.863
    1.0900         0     457.80    -120.70    -127.36    1783.66    -523.21    -500.00
     -9999     -9999    158.400     17.161    -19.878     75.964      0.000   -167.751
    1.1000         0     461.85    -122.16    -128.69    1781.70    -523.64    -500.00
     -9999     -9999    216.000     17.195    -19.976     75.964      0.000   -167.639
    1.1100         0     465.88    -123.63    -130.02    1779.75    -524.07    -500.00
     -9999     -9999    273.600     17.229    -20.075     75.964      0.000   -167.526
    1.1200         0     469.92    -125.11    -131.36    1777.80    -524.50    -500.00
     -9999     -9999    331.200     17.263    -20.173     75.964      0.000   -167.414
    1.1300         0     473.95    -126.60    -132.70    1775.85    -524.94    -500.00
     -9999     -9999     28.800     17.297    -20.272     75.964      0.000   -167.302
    1.1400         0     477.98    -128.09    -134.03    1773.89    -525.38    -500.00
     -9999     -9999     86.400     17.330    -20.370     75.964      0.000   -167.189
    1.1500         0     482.01    -129.59    -135.38    1771.95    -525.83    -500.00
     -9999     -9999    144.000     17.363    -20.469     75.964      0.000   -167.077
    1.1600         0     486.03    -131.09    -136.72    1770.00    -526.28    -500.00
     -9999     -9999    201.600     17.396    -20.568     75.964      0.000   -166.964
    1.1700         0     490.05    -132.61    -138.07    1768.05    -526.73    -500.00
     -9999     -9999    259.200     17.428    -20.667     75.964      0.000   -166.852
    1.1800         0     494.06    -134.12    -139.42    1766.10    -527.19    -500.00
     -9999     -9999    316.800     17.461    -20.766     75.964      0.000   -166.740
    1.1900         0     498.07    -135.65    -140.77    1764.15    -527.65    -500.00
     -9999     -9999     14.400     17.493    -20.865     75.964      0.000   -166.627
    1.2000         0     502.08    -137.18    -142.12    1762.21    -528.11    -500.00
     -9999     -9999     72.000     17.525    -20.964     75.964      0.000   -166.515
    1.2100         0     506.09    -138.72    -143.48    1760.27    -528.58    -500.00
     -9999     -9999    129.600     17.556    -21.064     75.964      0.000   -166.403
    1.2200         0     510.09    -140.27    -144.84    1758.32    -529.05    -500.00
     -9999     -9999    187.200     17.588    -21.163     75.964      0.000   -166.290
    1.2300         0     514.09    -141.82    -146.20    1756.38    -529.53    -500.00
     -9999     -9999    244.800     17.619    -21.263     75.964      0.000   -166.178
    1.2400         0     518.08    -143.38    -147.56    1754.44    -530.01    -500.00
     -9999     -9999    302.400     17.650    -21.362     75.964      0.000   -166.065
    1.2500         0     522.08    -144.94    -148.93    1752.50    -530.49    -500.00
     -9999     -9999    360.000     17.680    -21.462     75.964      0.000   -165.953
    1.2600         0     526.07    -146.51    -150.29    1750.56    -530.98    -500.00
     -9999     -9999     57.600     17.711    -21.562     75.964      0.000   -165.841
    1.2700         0     530.05    -148.09    -151.66    1748.62    -531.47    -500.00
     -9999     -9999    115.200     17.741    -21.662     75.964      0.000   -165.728
    1.2800         0     534.03    -149.68    -153.04    1746.68    -531.97    -500.00
     -9999     -9999    172.800     17.771    -21.762     75.964      0.000   -165.616
    1.2900         0     538.01    -151.27    -154.41    1744.74    -532.46    -500.00
     -9999     -9999    230.400     17.800    -21.862     75.964      0.000   -165.504
    1.3000         0     541.98    -152.87    -155.79    1742.81    -532.97    -500.00
     -9999     -9999    288.000     17.830    -21.963     75.964      0.000   -165.391
    1.3100         0     545.96    -154.47    -157.17    1740.87    -533.47    -500.00
     -9999     -9999    345.600     17.859    -22.063     75.964      0.000   -165.279
    1.3200         0     549.92    -156.09    -158.55    1738.94    -533.98    -500.00
     -9999     -9999     43.200     17.888    -22.163     75.964      0.000   -165.166
    1.3300         0     553.89    -157.71    -159.93    1737.01    -534.50    -500.00
     -9999     -9999    100.800     17.917    -22.264     75.964      0.000   -165.054
    1.3400         0     557.85    -159.33    -161.32    1735.07    -535.02    -500.00
     -9999     -9999    158.400     17.945    -22.365     75.964      0.000   -164.942
    1.3500         0     561.81    -160.96    -162.70    1733.14    -535.54    -500.00
     -9999     -9999    216.000     17.973    -22.465     75.964      0.000   -164.829
    1.3600         0     565.76    -162.60    -164.09    1731.21    -536.06    -500.00
     -9999     -9999    273.600     18.001    -22.566     75.964      0.000   -164.717
    1.3700         0     569.71    -164.25    -165.48    1729.29    -536.59    -500.00
     -9999     -9999    331.200     18.029    -22.667     75.964      0.000   -164.604
    1.3800         0     573.66    -165.90    -166.88    1727.36    -537.12    -500.00
     -9999     -9999     28.800     18.057    -22.768     75.964      0.000   -164.492
    1.3900         0     577.60    -167.56    -168.27    1725.43    -537.66    -500.00
     -9999     -9999     86.400     18.084    -22.869     75.964      0.000   -164.380
    1.4000         0     581.54    -169.23    -169.67    1723.51    -538.20    -500.00
     -9999     -9999    144.000     18.111    -22.970     75.964      0.000   -164.267
    1.4100         0     585.48    -170.90    -171.07    1721.58    -538.75    -500.00
     -9999     -9999    201.600     18.138    -23.071     75.964      0.000   -164.155
    1.4200         0     589.41    -172.58    -172.47    1719.66    -539.29    -500.00
     -9999     -9999    259.200     18.164    -23.173     75.964      0.000   -164.043
    1.4300         0     593.34    -174.26    -173.88    1717.73    -539.85    -500.00
     -9999     -9999    316.800     18.191    -23.274     75.964      0.000   -163.930
    1.4400         0     597.26    -175.96    -175.28    1715.81    -540.40    -500.00
     -9999     -9999     14.400     18.217    -23.376     75.964      0.000   -163.818
    1.4500         0     601.18    -177.65    -176.69    1713.89    -540.96    -500.00
     -9999     -9999     72.000     18.243    -23.477     75.964      0.000   -163.705
    1.4600         0     605.10    -179.36    -178.10    1711.97    -541.52    -500.00
     -9999     -9999    129.600     18.268    -23.579     75.964      0.000   -163.593
    1.4700         0     609.02    -181.07    -179.51    1710.06    -542.09    -500.00
     -9999     -9999    187.200     18.294    -23.681     75.964      0.000   -163.481
    1.4800         0     612.93    -182.79    -180.93    1708.14    -542.66    -500.00
     -9999     -9999    244.800     18.319    -23.783     75.964      0.000   -163.368
    1.4900         0     616.84    -184.52    -182.34    1706.22    -543.23    -500.00
     -9999     -9999    302.400     18.344    -23.884     75.964      0.000   -163.256
    1.5000         0     620.74    -186.25    -183.76    1704.31    -543.81    -500.00
     -9999     -9999    360.000     18.368    -23.986     75.964      0.000   -163.144
    1.5100         0     624.64    -187.99    -185.18    1702.40    -544.39    -500.00
     -9999     -9999     57.600     18.393    -24.089     75.964      0.000   -163.031
    1.5200         0     628.54    -189.74    -186.60    1700.48    -544.98    -500.00
     -9999     -9999    115.200     18.417    -24.191     75.964      0.000   -162.919
    1.5300         0     632.43    -191.49    -188.02    1698.57    -545.57    -500.00
     -9999     -9999    172.800     18.441    -24.293     75.964      0.000   -162.806
    1.5400         0     636.32    -193.25    -189.44    1696.66    -546.16    -500.00
     -9999     -9999    230.400     18.465    -24.395     75.964      0.000   -162.694
    1.5500         0     640.20    -195.02    -190.87    1694.75    -546.76    -500.00
     -9999     -9999    288.000     18.488    -24.498     75.964      0.000   -162.582
    1.5600         0     644.09    -196.79    -192.30    1692.85    -547.36    -500.00
     -9999     -9999    345.600     18.511    -24.600     75.964      0.000   -162.469
    1.5700         0     647.96    -198.57    -193.73    1690.94    -547.96    -500.00
     -9999     -9999     43.200     18.534    -24.702     75.964      0.000   -162.357
    1.5800         0     651.84    -200.36    -195.16    1689.03    -548.57    -500.00
     -9999     -9999    100.800     18.557    -24.805     75.964      0.000   -162.245
    1.5900         0     655.71    -202.15    -196.59    1687.13    -549.18    -500.00
     -9999     -9999    158.400     18.580    -24.908     75.964      0.000   -162.132
    1.6000         0     659.58    -203.95    -198.03    1685.23    -549.80    -500.00
     -9999     -9999    216.000     18.602    -25.010     75.964      0.000   -162.020
    1.6100         0     663.44    -205.75    -199.46    1683.32    -550.42    -500.00
     -9999     -9999    273.600     18.624    -25.113     75.964      0.000   -161.907
    1.6200         0     667.30    -207.57    -200.90    1681.42    -551.04    -500.00
     -9999     -9999    331.200     18.646    -25.216     75.964      0.000   -161.795
    1.6300         0     671.15    -209.39    -202.34    1679.52    -551.67    -500.00
     -9999     -9999     28.800     18.667    -25.319     75.964      0.000   -161.683
    1.6400         0     675.01    -211.21    -203.78    1677.63    -552.30    -500.00
     -9999     -9999     86.400     18.689    -25.422     75.964      0.000   -161.570
    1.6500         0     678.85    -213.05    -205.22    1675.73    -552.93    -500.00
     -9999     -9999    144.000     18.710    -25.525     75.964      0.000   -161.458
    1.6600         0     682.70    -214.89    -206.67    1673.83    -553.57    -500.00
     -9999     -9999    201.600     18.731    -25.628     75.964      0.000   -161.346
    1.6700         0     686.54    -216.73    -208.11    1671.94    -554.21    -500.00
     -9999     -9999    259.200     18.752    -25.731     75.964      0.000   -161.233
    1.6800         0     690.37    -218.59    -209.56    1670.05    -554.86    -500.00
     -9999     -9999    316.800     18.772    -25.835     75.964      0.000   -161.121
    1.6900         0     694.21    -220.45    -211.01    1668.16    -555.51    -500.00
     -9999     -9999     14.400     18.792    -25.938     75.964      0.000   -161.008
    1.7000         0     698.04    -222.31    -212.46    1666.26    -556.16    -500.00
     -9999     -9999     72.000     18.812    -26.041     75.964      0.000   -160.896
    1.7100         0     701.86    -224.19    -213.91    1664.38    -556.82    -500.00
     -9999     -9999    129.600     18.832    -26.145     75.964      0.000   -160.784
    1.7200         0     705.68    -226.07    -215.37    1662.49    -557.48    -500.00
     -9999     -9999    187.200     18.851    -26.248     75.964      0.000   -160.671
    1.7300         0     709.50    -227.95    -216.82    1660.60    -558.14    -500.00
     -9999     -9999    244.800     18.871    -26.352     75.964      0.000   -160.559
    1.7400         0     713.31    -229.85    -218.28    1658.72    -558.81    -500.00
     -9999     -9999    302.400     18.890    -26.456     75.964      0.000   -160.447
    1.7500         0     717.12    -231.75    -219.74    1656.83    -559.48    -500.00
     -9999     -9999    360.000     18.909    -26.559     75.964      0.000   -160.334
    1.7600         0     720.93    -233.65    -221.19    1654.95    -560.15    -500.00
     -9999     -9999     57.600     18.927    -26.663     75.964      0.000   -160.222
    1.7700         0     724.73    -235.57    -222.65    1653.07    -560.83    -500.00
     -9999     -9999    115.200     18.946    -26.767     75.964      0.000   -160.109
    1.7800         0     728.53    -237.49    -224.12    1651.19    -561.51    -500.00
     -9999     -9999    172.800     18.964    -26.871     75.964      0.000   -159.997
    1.7900         0     732.33    -239.42    -225.58    1649.31    -562.20    -500.00
     -9999     -9999    230.400     18.982    -26.975     75.964      0.000   -159.885
    1.8000         0     736.12    -241.35    -227.04    1647.43    -562.89    -500.00
     -9999     -9999    288.000     18.999    -27.079     75.964      0.000   -159.772
    1.8100         0     739.90    -243.29    -228.51    1645.56    -563.58    -500.00
     -9999     -9999    345.600     19.017    -27.183     75.964      0.000   -159.660
    1.8200         0     743.68    -245.24    -229.98    1643.68    -564.28    -500.00
     -9999     -9999     43.200     19.034    -27.287     75.964      0.000   -159.548
    1.8300         0     747.46    -247.19    -231.44    1641.81    -564.98    -500.00
     -9999     -9999    100.800     19.051    -27.391     75.964      0.000   -159.435
    1.8400         0     751.24    -249.15    -232.91    1639.94    -565.69    -500.00
     -9999     -9999    158.400     19.068    -27.495     75.964      0.000   -159.323
    1.8500         0     755.01    -251.12    -234.38    1638.07    -566.39    -500.00
     -9999     -9999    216.000     19.084    -27.599     75.964      0.000   -159.210
    1.8600         0     758.78    -253.09    -235.86    1636.20    -567.10    -500.00
     -9999     -9999    273.600     19.101    -27.703     75.964      0.000   -159.098
    1.8700         0     762.54    -255.07    -237.33    1634.33    -567.82    -500.00
     -9999     -9999    331.200     19.117    -27.808     75.964      0.000   -158.986
    1.8800         0     766.30    -257.06    -238.80    1632.46    -568.54    -500.00
     -9999     -9999     28.800     19.133    -27.912     75.964      0.000   -158.873
    1.8900         0     770.05    -259.05    -240.28    1630.60    -569.26    -500.00
     -9999     -9999     86.400     19.148    -28.017     75.964      0.000   -158.761
    1.9000         0     773.80    -261.05    -241.76    1628.73    -569.99    -500.00
     -9999     -9999    144.000     19.164    -28.121     75.964      0.000   -158.649
    1.9100         0     777.55    -263.06    -243.23    1626.87    -570.72    -500.00
     -9999     -9999    201.600     19.179    -28.226     75.964      0.000   -158.536
    1.9200         0     781.29    -265.07    -244.71    1625.01    -571.45    -500.00
     -9999     -9999    259.200     19.194    -28.330     75.964      0.000   -158.424
    1.9300         0     785.03    -267.09    -246.19    1623.15    -572.19    -500.00
     -9999     -9999    316.800     19.209    -28.435     75.964      0.000   -158.311
    1.9400         0     788.77    -269.12    -247.67    1621.29    -572.93    -500.00
     -9999     -9999     14.400     19.223    -28.539     75.964      0.000   -158.199
    1.9500         0     792.50    -271.15    -249.16    1619.44    -573.67    -500.00
     -9999     -9999     72.000     19.237    -28.644     75.964      0.000   -158.087
    1.9600         0     796.22    -273.19    -250.64    1617.58    -574.42    -500.00
     -9999     -9999    129.600     19.252    -28.749     75.964      0.000   -157.974
    1.9700         0     799.95    -275.24    -252.12    1615.73    -575.17    -500.00
     -9999     -9999    187.200     19.265    -28.854     75.964      0.000   -157.862
    1.9800         0     803.66    -277.29    -253.61    1613.88    -575.93    -500.00
     -9999     -9999    244.800     19.279    -28.959     75.964      0.000   -157.750
    1.9900         0     807.38    -279.35    -255.09    1612.03    -576.69    -500.00
     -9999     -9999    302.400     19.292    -29.063     75.964      0.000   -157.637
    2.0000         0     811.09    -281.42    -256.58    1610.18    -577.45    -500.00
     -9999     -9999    360.000     19.306    -29.168     75.964      0.000   -157.525
    2.0100         0     814.80    -283.49    -258.07    1608.33    -578.22    -500.00
     -9999     -9999     57.600     19.319    -29.273     75.964      0.000   -157.412
    2.0200         0     818.50    -285.57    -259.56    1606.49    -578.99    -500.00
     -9999     -9999    115.200     19.331    -29.378     75.964      0.000   -157.300
    2.0300         0     822.20    -287.66    -261.05    1604.64    -579.76    -500.00
     -9999     -9999    172.800     19.344    -29.483     75.964      0.000   -157.188
    2.0400         0     825.89    -289.75    -262.54    1602.80    -580.54    -500.00
     -9999     -9999    230.400     19.356    -29.588     75.964      0.000   -157.075
    2.0500         0     829.58    -291.85    -264.03    1600.96    -581.32    -500.00
     -9999     -9999    288.000     19.368    -29.693     75.964      0.000   -156.963
    2.0600         0     833.27    -293.96    -265.53    1599.12    -582.10    -500.00
     -9999     -9999    345.600     19.380    -29.799     75.964      0.000   -156.851
    2.0700         0     836.95    -296.07    -267.02    1597.28    -582.89    -500.00
     -9999     -9999     43.200     19.392    -29.904     75.964      0.000   -156.738
    2.0800         0     840.63    -298.19    -268.51    1595.44    -583.68    -500.00
     -9999     -9999    100.800     19.403    -30.009     75.964      0.000   -156.626
    2.0900         0     844.30    -300.31    -270.01    1593.61    -584.48    -500.00
     -9999     -9999    158.400     19.414    -30.114     75.964      0.000   -156.513
    2.1000         0     847.97    -302.45    -271.51    1591.77    -585.28    -500.00
     -9999     -9999    216.000     19.425    -30.219     75.964      0.000   -156.401
    2.1100         0     851.63    -304.59    -273.00    1589.94    -586.08    -500.00
     -9999     -9999    273.600     19.436    -30.325     75.964      0.000   -156.289
    2.1200         0     855.29    -306.73    -274.50    1588.11    -586.89    -500.00
     -9999     -9999    331.200     19.447    -30.430     75.964      0.000   -156.176
    2.1300         0     858.95    -308.88    -276.00    1586.28    -587.70    -500.00
     -9999     -9999     28.800     19.457    -30.535     75.964      0.000   -156.064
    2.1400         0     862.60    -311.04    -277.50    1584.46    -588.51    -500.00
     -9999     -9999     86.400     19.467    -30.641     75.964      0.000   -155.952
    2.1500         0     866.25    -313.21    -279.00    1582.63    -589.33    -500.00
     -9999     -9999    144.000     19.477    -30.746     75.964      0.000   -155.839
    2.1600         0     869.90    -315.38    -280.50    1580.81    -590.15    -500.00
     -9999     -9999    201.600     19.487    -30.852     75.964      0.000   -155.727
    2.1700         0     873.54    -317.56    -282.00    1578.98    -590.97    -500.00
     -9999     -9999    259.200     19.496    -30.957     75.964      0.000   -155.614
    2.1800         0     877.17    -319.75    -283.50    1577.16    -591.80    -500.00
     -9999     -9999    316.800     19.506    -31.063     75.964      0.000   -155.502
    2.1900         0     880.80    -321.94    -285.01    1575.34    -592.63    -500.00
     -9999     -9999     14.400     19.515    -31.168     75.964      0.000   -155.390
    2.2000         0     884.43    -324.14    -286.51    1573.53    -593.46    -500.00
     -9999     -9999     72.000     19.524    -31.274     75.964      0.000   -155.277
    2.2100         0     888.05    -326.34    -288.01    1571.71    -594.30    -500.00
     -9999     -9999    129.600     19.532    -31.379     75.964      0.000   -155.165
    2.2200         0     891.67    -328.55    -289.52    1569.90    -595.14    -500.00
     -9999     -9999    187.200     19.541    -31.485     75.964      0.000   -155.053
    2.2300         0     895.29    -330.77    -291.02    1568.08    -595.99    -500.00
     -9999     -9999    244.800     19.549    -31.591     75.964      0.000   -154.940
    2.2400         0     898.90    -333.00    -292.53    1566.27    -596.84    -500.00
     -9999     -9999    302.400     19.557    -31.696     75.964      0.000   -154.828
    2.2500         0     902.50    -335.23    -294.04    1564.46    -597.69    -500.00
     -9999     -9999    360.000     19.565    -31.802     75.964      0.000   -154.715
    2.2600         0     906.10    -337.46    -295.54    1562.66    -598.55    -500.00
     -9999     -9999     57.600     19.572    -31.908     75.964      0.000   -154.603
    2.2700         0     909.70    -339.71    -297.05    1560.85    -599.41    -500.00
     -9999     -9999    115.200     19.580    -32.013     75.964      0.000   -154.491
    2.2800         0     913.29    -341.96    -298.56    1559.05    -600.27    -500.00
     -9999     -9999    172.800     19.587    -32.119     75.964      0.000   -154.378
    2.2900         0     916.88    -344.22    -300.07    1557.24    -601.14    -500.00
     -9999     -9999    230.400     19.594    -32.225     75.964      0.000   -154.266
    2.3000         0     920.47    -346.48    -301.58    1555.44    -602.01    -500.00
     -9999     -9999    288.000     19.601    -32.331     75.964      0.000   -154.154
    2.3100         0     924.05    -348.75    -303.09    1553.64    -602.88    -500.00
     -9999     -9999    345.600     19.607    -32.437     75.964      0.000   -154.041
    2.3200         0     927.62    -351.03    -304.60    1551.85    -603.76    -500.00
     -9999     -9999     43.200     19.613    -32.542     75.964      0.000   -153.929
    2.3300         0     931.19    -353.31    -306.11    1550.05    -604.64    -500.00
     -9999     -9999    100.800     19.620    -32.648     75.964      0.000   -153.816
    2.3400         0     934.76    -355.60    -307.62    1548.26    -605.52    -500.00
     -9999     -9999    158.400     19.626    -32.754     75.964      0.000   -153.704
    2.3500         0     938.32    -357.90    -309.13    1546.47    -606.41    -500.00
     -9999     -9999    216.000     19.631    -32.860     75.964      0.000   -153.592
    2.3600         0     941.88    -360.20    -310.64    1544.67    -607.30    -500.00
     -9999     -9999    273.600     19.637    -32.966     75.964      0.000   -153.479
    2.3700         0     945.43    -362.51    -312.16    1542.89    -608.20    -500.00
     -9999     -9999    331.200     19.642    -33.072     75.964      0.000   -153.367
    2.3800         0     948.98    -364.83    -313.67    1541.10    -609.09    -500.00
     -9999     -9999     28.800     19.647    -33.178     75.964      0.000   -153.255
    2.3900         0     952.53    -367.15    -315.18    1539.31    -610.00    -500.00
     -9999     -9999     86.400     19.652    -33.284     75.964      0.000   -153.142
    2.4000         0     956.07    -369.48    -316.70    1537.53    -610.90    -500.00
     -9999     -9999    144.000     19.657    -33.390     75.964      0.000   -153.030
    2.4100         0     959.60    -371.81    -318.21    1535.75    -611.81    -500.00
     -9999     -9999    201.600     19.661    -33.496     75.964      0.000   -152.917
    2.4200         0     963.14    -374.16    -319.72    1533.97    -612.72    -500.00
     -9999     -9999    259.200     19.666    -33.602     75.964      0.000   -152.805
    2.4300         0     966.66    -376.50    -321.24    1532.19    -613.64    -500.00
     -9999     -9999    316.800     19.670    -33.708     75.964      0.000   -152.693
    2.4400         0     970.19    -378.86    -322.75    1530.42    -614.56    -500.00
     -9999     -9999     14.400     19.674    -33.814     75.964      0.000   -152.580
    2.4500         0     973.70    -381.22    -324.27    1528.64    -615.48    -500.00
     -9999     -9999     72.000     19.678    -33.920     75.964      0.000   -152.468
    2.4600         0     977.22    -383.59    -325.78    1526.87    -616.41    -500.00
     -9999     -9999    129.600     19.681    -34.026     75.964      0.000   -152.356
    2.4700         0     980.73    -385.96    -327.30    1525.10    -617.34    -500.00
     -9999     -9999    187.200     19.684    -34.132     75.964      0.000   -152.243
    2.4800         0     984.23    -388.34    -328.81    1523.33    -618.27    -500.00
     -9999     -9999    244.800     19.688    -34.238     75.964      0.000   -152.131
    2.4900         0     987.73    -390.73    -330.33    1521.56    -619.21    -500.00
     -9999     -9999    302.400     19.691    -34.344     75.964      0.000   -152.018
    2.5000         0     991.23    -393.12    -331.85    1519.80    -620.15    -500.00
     -9999     -9999    360.000     19.693    -34.450     75.964      0.000   -151.906
    2.5100         0     994.72    -395.52    -333.36    1518.03    -621.09    -500.00
     -9999     -9999     57.600     19.696    -34.556     75.964      0.000   -151.794
    2.5200         0     998.21    -397.93    -334.88    1516.27    -622.04    -500.00
     -9999     -9999    115.200     19.698    -34.662     75.964      0.000   -151.681
    2.5300         0    1001.69    -400.34    -336.40    1514.51    -622.99    -500.00
     -9999     -9999    172.800     19.700    -34.768     75.964      0.000   -151.569
    2.5400         0    1005.17    -402.76    -337.91    1512.75    -623.94    -500.00
     -9999     -9999    230.400     19.702    -34.874     75.964      0.000   -151.457
    2.5500         0    1008.64    -405.19    -339.43    1511.00    -624.90    -500.00
     -9999     -9999    288.000     19.704    -34.980     75.964      0.000   -151.344
    2.5600         0    1012.11    -407.62    -340.95    1509.24    -625.86    -500.00
     -9999     -9999    345.600     19.706    -35.086     75.964      0.000   -151.232
    2.5700         0    1015.57    -410.06    -342.47    1507.49    -626.82    -500.00
     -9999     -9999     43.200     19.707    -35.192     75.964      0.000   -151.119
    2.5800         0    1019.03    -412.50    -343.98    1505.74    -627.79    -500.00
     -9999     -9999    100.800     19.708    -35.298     75.964      0.000   -151.007
    2.5900         0    1022.49    -414.95    -345.50    1503.99    -628.76    -500.00
     -9999     -9999    158.400     19.709    -35.404     75.964      0.000   -150.895
    2.6000         0    1025.94    -417.41    -347.02    1502.25    -629.74    -500.00
     -9999     -9999    216.000     19.710    -35.511     75.964      0.000   -150.782
    2.6100         0    1029.39    -419.87    -348.54    1500.50    -630.72    -500.00
     -9999     -9999    273.600     19.711    -35.617     75.964      0.000   -150.670
    2.6200         0    1032.83    -422.34    -350.05    1498.76    -631.70    -500.00
     -9999     -9999    331.200     19.711    -35.723     75.964      0.000   -150.558
    2.6300         0    1036.26    -424.82    -351.57    1497.02    -632.68    -500.00
     -9999     -9999     28.800     19.712    -35.829     75.964      0.000   -150.445
    2.6400         0    1039.70    -427.30    -353.09    1495.28    -633.67    -500.00
     -9999     -9999     86.400     19.712    -35.935     75.964      0.000   -150.333
    2.6500         0    1043.13    -429.79    -354.61    1493.54    -634.66    -500.00
     -9999     -9999    144.000     19.712    -36.041     75.964      0.000   -150.220
    2.6600         0    1046.55    -432.29    -356.13    1491.81    -635.66    -500.00
     -9999     -9999    201.600     19.711    -36.147     75.964      0.000   -150.108
    2.6700         0    1049.97    -434.79    -357.64    1490.07    -636.65    -500.00
     -9999     -9999    259.200     19.711    -36.253     75.964      0.000   -149.996
    2.6800         0    1053.38    -437.30    -359.16    1488.34    -637.66    -500.00
     -9999     -9999    316.800     19.710    -36.359     75.964      0.000   -149.883
    2.6900         0    1056.79    -439.81    -360.68    1486.61    -638.66    -500.00
     -9999     -9999     14.400     19.709    -36.466     75.964      0.000   -149.771
    2.7000         0    1060.19    -442.34    -362.20    1484.89    -639.67    -500.00
     -9999     -9999     72.000     19.708    -36.572     75.964      0.000   -149.658
    2.7100         0    1063.59    -444.86    -363.71    1483.16    -640.68    -500.00
     -9999     -9999    129.600     19.707    -36.678     75.964      0.000   -149.546
    2.7200         0    1066.99    -447.40    -365.23    1481.44    -641.70    -500.00
     -9999     -9999    187.200     19.706    -36.784     75.964      0.000   -149.434
    2.7300         0    1070.38    -449.94    -366.75    1479.72    -642.72    -500.00
     -9999     -9999    244.800     19.704    -36.890     75.964      0.000   -149.321
    2.7400         0    1073.77    -452.48    -368.27    1478.00    -643.74    -500.00
     -9999     -9999    302.400     19.703    -36.996     75.964      0.000   -149.209
    2.7500         0    1077.15    -455.03    -369.78    1476.28    -644.76    -500.00
     -9999     -9999    360.000     19.701    -37.102     75.964      0.000   -149.097
    2.7600         0    1080.52    -457.59    -371.30    1474.57    -645.79    -500.00
     -9999     -9999     57.600     19.699    -37.208     75.964      0.000   -148.984
    2.7700         0    1083.90    -460.16    -372.82    1472.85    -646.83    -500.00
     -9999     -9999    115.200     19.697    -37.314     75.964      0.000   -148.872
    2.7800         0    1087.26    -462.73    -374.33    1471.14    -647.86    -500.00
     -9999     -9999    172.800     19.694    -37.420     75.964      0.000   -148.759
    2.7900         0    1090.63    -465.31    -375.85    1469.43    -648.90    -500.00
     -9999     -9999    230.400     19.692    -37.526     75.964      0.000   -148.647
    2.8000         0    1093.98    -467.89    -377.37    1467.73    -649.94    -500.00
     -9999     -9999    288.000     19.689    -37.632     75.964      0.000   -148.535
    2.8100         0    1097.34    -470.48    -378.88    1466.02    -650.99    -500.00
     -9999     -9999    345.600     19.686    -37.738     75.964      0.000   -148.422
    2.8200         0    1100.68    -473.08    -380.40    1464.32    -652.04    -500.00
     -9999     -9999     43.200     19.683    -37.844     75.964      0.000   -148.310
    2.8300         0    1104.03    -475.68    -381.91    1462.62    -653.09    -500.00
     -9999     -9999    100.800     19.680    -37.951     75.964      0.000   -148.198
    2.8400         0    1107.37    -478.29    -383.43    1460.92    -654.14    -500.00
     -9999     -9999    158.400     19.676    -38.057     75.964      0.000   -148.085
    2.8500         0    1110.70    -480.90    -384.94    1459.22    -655.20    -500.00
     -9999     -9999    216.000     19.673    -38.163     75.964      0.000   -147.973
    2.8600         0    1114.03    -483.53    -386.46    1457.53    -656.27    -500.00
     -9999     -9999    273.600     19.669    -38.269     75.964      0.000   -147.860
    2.8700         0    1117.36    -486.15    -387.97    1455.84    -657.33    -500.00
     -9999     -9999    331.200     19.665    -38.375     75.964      0.000   -147.748
    2.8800         0    1120.67    -488.79    -389.49    1454.15    -658.40    -500.00
     -9999     -9999     28.800     19.661    -38.481     75.964      0.000   -147.636
    2.8900         0    1123.99    -491.43    -391.00    1452.46    -659.47    -500.00
     -9999     -9999     86.400     19.657    -38.587     75.964      0.000   -147.523
    2.9000         0    1127.30    -494.07    -392.51    1450.77    -660.55    -500.00
     -9999     -9999    144.000     19.652    -38.692     75.964      0.000   -147.411
    2.9100         0    1130.61    -496.73    -394.03    1449.09    -661.63    -500.00
     -9999     -9999    201.600     19.648    -38.798     75.964      0.000   -147.299
    2.9200         0    1133.91    -499.38    -395.54    1447.41    -662.71    -500.00
     -9999     -9999    259.200     19.643    -38.904     75.964      0.000   -147.186
    2.9300         0    1137.20    -502.05    -397.05    1445.73    -663.80    -500.00
     -9999     -9999    316.800     19.638    -39.010     75.964      0.000   -147.074
    2.9400         0    1140.49    -504.72    -398.57    1444.05    -664.88    -500.00
     -9999     -9999     14.400     19.633    -39.116     75.964      0.000   -146.961
    2.9500         0    1143.78    -507.40    -400.08    1442.37    -665.98    -500.00
     -9999     -9999     72.000     19.628    -39.222     75.964      0.000   -146.849
    2.9600         0    1147.06    -510.08    -401.59    1440.70    -667.07    -500.00
     -9999     -9999    129.600     19.622    -39.328     75.964      0.000   -146.737
    2.9700         0    1150.34    -512.77    -403.10    1439.03    -668.17    -500.00
     -9999     -9999    187.200     19.617    -39.434     75.964      0.000   -146.624
    2.9800         0    1153.61    -515.47    -404.61    1437.36    -669.27    -500.00
     -9999     -9999    244.800     19.611    -39.540     75.964      0.000   -146.512
    2.9900         0    1156.87    -518.17    -406.12    1435.69    -670.38    -500.00
     -9999     -9999    302.400     19.605    -39.646     75.964      0.000   -146.400
    3.0000         0    1160.14    -520.87    -407.63    1434.03    -671.49    -500.00
     -9999     -9999    360.000     19.599    -39.752     75.964      0.000   -146.287
    3.0100         0    1163.39    -523.59    -409.14    1432.36    -672.60    -500.00
     -9999     -9999     57.600     19.593    -39.857     75.964      0.000   -146.175
    3.0200         0    1166.64    -526.31    -410.65    1430.70    -673.71    -500.00
     -9999     -9999    115.200     19.587    -39.963     75.964      0.000   -146.062
    3.0300         0    1169.89    -529.03    -412.16    1429.05    -674.83    -500.00
     -9999     -9999    172.800     19.581    -40.069     75.964      0.000   -145.950
    3.0400         0    1173.13    -531.77    -413.66    1427.39    -675.95    -500.00
     -9999     -9999    230.400     19.574    -40.175     75.964      0.000   -145.838
    3.0500         0    1176.37    -534.51    -415.17    1425.74    -677.08    -500.00
     -9999     -9999    288.000     19.567    -40.281     75.964      0.000   -145.725
    3.0600         0    1179.60    -537.25    -416.68    1424.08    -678.20    -500.00
     -9999     -9999    345.600     19.561    -40.386     75.964      0.000   -145.613
    3.0700         0    1182.83    -540.00    -418.18    1422.44    -679.34    -500.00
     -9999     -9999     43.200     19.554    -40.492     75.964      0.000   -145.501
    3.0800         0    1186.05    -542.76    -419.69    1420.79    -680.47    -500.00
     -9999     -9999    100.800     19.546    -40.598     75.964      0.000   -145.388
    3.0900         0    1189.27    -545.52    -421.20    1419.14    -681.61    -500.00
     -9999     -9999    158.400     19.539    -40.703     75.964      0.000   -145.276
    3.1000         0    1192.48    -548.29    -422.70    1417.50    -682.75    -500.00
     -9999     -9999    216.000     19.532    -40.809     75.964      0.000   -145.163
    3.1100         0    1195.69    -551.06    -424.20    1415.86    -683.89    -500.00
     -9999     -9999    273.600     19.524    -40.915     75.964      0.000   -145.051
    3.1200         0    1198.89    -553.84    -425.71    1414.22    -685.04    -500.00
     -9999     -9999    331.200     19.516    -41.021     75.964      0.000   -144.939
    3.1300         0    1202.09    -556.63    -427.21    1412.59    -686.19    -500.00
     -9999     -9999     28.800     19.509    -41.126     75.964      0.000   -144.826
    3.1400         0    1205.28    -559.42    -428.71    1410.95    -687.34    -500.00
     -9999     -9999     86.400     19.501    -41.232     75.964      0.000   -144.714
    3.1500         0    1208.47    -562.22    -430.22    1409.32    -688.50    -500.00
     -9999     -9999    144.000     19.493    -41.337     75.964      0.000   -144.602
    3.1600         0    1211.65    -565.03    -431.72    1407.69    -689.66    -500.00
     -9999     -9999    201.600     19.484    -41.443     75.964      0.000   -144.489
    3.1700         0    1214.83    -567.84    -433.22    1406.06    -690.82    -500.00
     -9999     -9999    259.200     19.476    -41.549     75.964      0.000   -144.377
    3.1800         0    1218.00    -570.65    -434.72    1404.44    -691.99    -500.00
     -9999     -9999    316.800     19.468    -41.654     75.964      0.000   -144.264
    3.1900         0    1221.17    -573.48    -436.22    1402.82    -693.16    -500.00
     -9999     -9999     14.400     19.459    -41.760     75.964      0.000   -144.152
    3.2000         0    1224.33    -576.31    -437.72    1401.20    -694.33    -500.00
     -9999     -9999     72.000     19.450    -41.865     75.964      0.000   -144.040
    3.2100         0    1227.49    -579.14    -439.21    1399.58    -695.51    -500.00
     -9999     -9999    129.600     19.441    -41.971     75.964      0.000   -143.927
    3.2200         0    1230.64    -581.98    -440.71    1397.96    -696.69    -500.00
     -9999     -9999    187.200     19.432    -42.076     75.964      0.000   -143.815
    3.2300         0    1233.79    -584.83    -442.21    1396.35    -697.87    -500.00
     -9999     -9999    244.800     19.423    -42.182     75.964      0.000   -143.703
    3.2400         0    1236.93    -587.68    -443.70    1394.74    -699.06    -500.00
     -9999     -9999    302.400     19.414    -42.287     75.964      0.000   -143.590
    3.2500         0    1240.07    -590.54    -445.20    1393.13    -700.25    -500.00
     -9999     -9999    360.000     19.405    -42.393     75.964      0.000   -143.478
    3.2600         0    1243.20    -593.40    -446.69    1391.53    -701.44    -500.00
     -9999     -9999     57.600     19.395    -42.498     75.964      0.000   -143.365
    3.2700         0    1246.33    -596.28    -448.19    1389.92    -702.63    -500.00
     -9999     -9999    115.200     19.386    -42.604     75.964      0.000   -143.253
    3.2800         0    1249.45    -599.15    -449.68    1388.32    -703.83    -500.00
     -9999     -9999    172.800     19.376    -42.709     75.964      0.000   -143.141
    3.2900         0    1252.57    -602.03    -451.17    1386.72    -705.03    -500.00
     -9999     -9999    230.400     19.366    -42.814     75.964      0.000   -143.028
    3.3000         0    1255.68    -604.92    -452.67    1385.13    -706.24    -500.00
     -9999     -9999    288.000     19.356    -42.920     75.964      0.000   -142.916
    3.3100         0    1258.79    -607.82    -454.16    1383.53    -707.44    -500.00
     -9999     -9999    345.600     19.346    -43.025     75.964      0.000   -142.804
    3.3200         0    1261.89    -610.72    -455.65    1381.94    -708.65    -500.00
     -9999     -9999     43.200     19.336    -43.130     75.964      0.000   -142.691
    3.3300         0    1264.98    -613.62    -457.14    1380.35    -709.87    -500.00
     -9999     -9999    100.800     19.326    -43.236     75.964      0.000   -142.579
    3.3400         0    1268.07    -616.53    -458.63    1378.76    -711.08    -500.00
     -9999     -9999    158.400     19.315    -43.341     75.964      0.000   -142.466
    3.3500         0    1271.16    -619.45    -460.11    1377.18    -712.30    -500.00
     -9999     -9999    216.000     19.305    -43.446     75.964      0.000   -142.354
    3.3600         0    1274.24    -622.37    -461.60    1375.60    -713.53    -500.00
     -9999     -9999    273.600     19.294    -43.551     75.964      0.000   -142.242
    3.3700         0    1277.32    -625.30    -463.09    1374.02    -714.75    -500.00
     -9999     -9999    331.200     19.284    -43.657     75.964      0.000   -142.129
    3.3800         0    1280.39    -628.24    -464.57    1372.44    -715.98    -500.00
     -9999     -9999     28.800     19.273    -43.762     75.964      0.000   -142.017
    3.3900         0    1283.45    -631.18    -466.06    1370.86    -717.22    -500.00
     -9999     -9999     86.400     19.262    -43.867     75.964      0.000   -141.905
    3.4000         0    1286.51    -634.13    -467.54    1369.29    -718.45    -500.00
     -9999     -9999    144.000     19.251    -43.972     75.964      0.000   -141.792
    3.4100         0    1289.57    -637.08    -469.03    1367.72    -719.69    -500.00
     -9999     -9999    201.600     19.240    -44.077     75.964      0.000   -141.680
    3.4200         0    1292.62    -640.04    -470.51    1366.15    -720.93    -500.00
     -9999     -9999    259.200     19.229    -44.182     75.964      0.000   -141.567
    3.4300         0    1295.66    -643.00    -471.99    1364.59    -722.18    -500.00
     -9999     -9999    316.800     19.218    -44.288     75.964      0.000   -141.455
    3.4400         0    1298.70    -645.97    -473.47    1363.02    -723.42    -500.00
     -9999     -9999     14.400     19.206    -44.393     75.964      0.000   -141.343
    3.4500         0    1301.73    -648.95    -474.95    1361.46    -724.67    -500.00
     -9999     -9999     72.000     19.195    -44.498     75.964      0.000   -141.230
    3.4600         0    1304.76    -651.93    -476.43    1359.90    -725.93    -500.00
     -9999     -9999    129.600     19.184    -44.603     75.964      0.000   -141.118
    3.4700         0    1307.79    -654.92    -477.91    1358.35    -727.19    -500.00
     -9999     -9999    187.200     19.172    -44.708     75.964      0.000   -141.006
    3.4800         0    1310.81    -657.91    -479.39    1356.80    -728.45    -500.00
     -9999     -9999    244.800     19.160    -44.813     75.964      0.000   -140.893
    3.4900         0    1313.82    -660.91    -480.86    1355.24    -729.71    -500.00
     -9999     -9999    302.400     19.149    -44.918     75.964      0.000   -140.781
    3.5000         0    1316.83    -663.91    -482.34    1353.70    -730.97    -500.00
     -9999     -9999    360.000     19.137    -45.023     75.964      0.000   -140.668
    3.5100         0    1319.83    -666.92    -483.81    1352.15    -732.24    -500.00
     -9999     -9999     57.600     19.125    -45.128     75.964      0.000   -140.556
    3.5200         0    1322.82    -669.94    -485.29    1350.61    -733.52    -500.00
     -9999     -9999    115.200     19.113    -45.233     75.964      0.000   -140.444
    3.5300         0    1325.82    -672.96    -486.76    1349.07    -734.79    -500.00
     -9999     -9999    172.800     19.101    -45.338     75.964      0.000   -140.331
    3.5400         0    1328.80    -675.99    -488.23    1347.53    -736.07    -500.00
     -9999     -9999    230.400     19.089    -45.443     75.964      0.000   -140.219
    3.5500         0    1331.78    -679.02    -489.70    1345.99    -737.35    -500.00
     -9999     -9999    288.000     19.076    -45.548     75.964      0.000   -140.107
    3.5600         0    1334.76    -682.06    -491.17    1344.46    -738.63    -500.00
     -9999     -9999    345.600     19.064    -45.652     75.964      0.000   -139.994
    3.5700         0    1337.73    -685.10    -492.64    1342.93    -739.92    -500.00
     -9999     -9999     43.200     19.052    -45.757     75.964      0.000   -139.882
    3.5800         0    1340.69    -688.15    -494.11    1341.40    -741.21    -500.00
     -9999     -9999    100.800     19.039    -45.862     75.964      0.000   -139.769
    3.5900         0    1343.65    -691.21    -495.58    1339.88    -742.51    -500.00
     -9999     -9999    158.400     19.027    -45.967     75.964      0.000   -139.657
    3.6000         0    1346.61    -694.27    -497.04    1338.35    -743.80    -500.00
     -9999     -9999    216.000     19.014    -46.072     75.964      0.000   -139.545
    3.6100         0    1349.56    -697.34    -498.51    1336.83    -745.10    -500.00
     -9999     -9999    273.600     19.002    -46.177     75.964      0.000   -139.432
    3.6200         0    1352.50    -700.41    -499.98    1335.31    -746.40    -500.00
     -9999     -9999    331.200     18.989    -46.281     75.964      0.000   -139.320
    3.6219         0    1353.06    -700.99    -500.25    1335.03    -746.65    -500.00
     -9999     -9999    342.144     18.987    -46.301     75.964      0.000   -139.299
    3.6419        -1    1353.06    -700.99    -500.25    1335.03    -746.65    -500.00
     -9999     -9999    342.144     18.987    -46.301     75.964      0.000   -139.299
